841
315
752
544
437
646
165
718
773
798
872
329
602
726
687
476
664
631
672
474
724
313
859
81
243
554
204
41
767
940
433
792
717
141
601
340
460
466
993
930
995
746
936
414
508
893
442
373
604
138
188
577
285
770
608
363
504
925
847
906
734
4
971
883
569
565
136
290
895
413
74
685
850
497
655
948
762
688
866
869
456
61
145
905
507
335
822
224
171
994
942
953
44
458
317
420
307
328
908
722
980
323
959
929
463
441
126
591
735
805
945
47
594
45
52
404
97
209
885
196
548
249
742
302
728
162
470
563
114
365
182
368
920
772
98
352
236
738
842
248
490
973
215
818
417
432
104
855
197
528
977
989
461
40
956
649
394
974
613
882
60
744
289
35
684
304
493
306
435
112
166
733
429
332
922
322
93
943
210
174
266
806
193
84
902
913
635
681
270
428
308
386
28
281
472
723
926
396
251
235
454
867
39
616
172
843
543
894
988
650
310
648
710
230
499
751
694
168
226
727
183
190
284
331
775
790
66
837
731
691
399
67
801
336
464
343
17
263
962
538
845
549
129
704
534
702
900
54
969
137
560
571
854
271
318
38
33
889
957
634
27
800
30
400
131
261
514
505
282
622
802
541
813
618
374
206
219
545
228
192
821
696
349
15
408
757
73
921
781
316
92
938
353
485
721
382
69
804
769
159
511
298
575
522
488
614
764
862
676
157
626
412
886
761
500
350
275
703
909
970
467
401
173
459
516
623
706
424
427
593
709
996
678
380
462
409
927
57
113
477
272
596
439
492
853
686
875
998
890
498
745
671
539
191
556
659
278
187
949
987
418
78
280
630
295
297
625
693
725
225
823
587
153
638
978
232
425
257
378
34
793
766
468
658
636
748
580
740
794
864
774
960
816
305
632
578
939
567
240
419
359
779
158
975
314
265
450
896
810
128
933
784
555
14
221
198
303
824
194
705
258
669
213
901
680
730
7
390
879
82
653
495
53
518
246
465
595
163
999
915
878
217
736
207
782
411
607
415
218
85
809
976
579
447
628
526
287
611
416
729
523
568
919
865
617
63
279
586
830
967
663
431
75
9
513
301
87
339
786
559
369
665
931
440
115
216
151
870
32
357
176
644
58
12
452
379
366
324
874
241
233
832
444
701
309
787
91
542
1
337
276
820
846
610
362
982
384
483
397
682
811
117
434
203
629
200
986
712
208
65
283
62
858
716
120
510
643
637
148
907
484
406
155
647
928
892
814
891
19
778
199
888
788
807
527
121
713
570
211
937
530
547
491
253
101
904
852
118
333
436
990
881
494
164
481
863
486
360
51
760
657
80
421
377
259
256
135
361
422
375
677
5
201
582
109
589
553
536
739
944
785
848
320
898
351
448
125
984
244
517
445
231
506
576
356
860
502
3
29
178
443
983
924
344
633
274
592
981
185
346
673
871
561
897
134
410
951
389
531
489
234
167
195
619
584
759
180
955
946
355
966
398
557
354
963
674
849
68
795
154
834
242
917
861
501
326
342
520
952
77
205
876
992
482
997
741
737
446
856
624
268
364
599
918
598
877
423
533
181
605
319
550
381
803
10
122
367
509
59
227
641
652
21
325
392
666
239
603
836
299
597
255
238
179
262
621
771
1000
177
985
252
102
348
796
455
405
828
979
831
46
747
451
964
519
245
388
169
535
749
277
347
149
487
690
186
699
95
880
90
372
311
26
31
947
55
627
76
835
393
147
692
521
838
43
96
683
903
99
675
71
127
312
132
403
961
370
566
116
768
912
264
294
156
480
826
453
478
524
910
667
868
341
449
438
763
24
512
293
119
934
330
286
914
291
105
873
700
25
430
754
296
743
972
679
941
11
833
111
812
689
237
123
698
756
572
469
583
426
395
515
645
267
797
799
765
142
581
819
715
965
36
651
606
916
670
229
714
327
70
254
16
783
932
94
110
950
222
537
292
72
345
642
150
817
6
991
146
189
753
660
668
884
844
175
22
473
590
49
260
338
780
139
968
562
358
612
385
935
789
133
83
250
695
574
532
758
827
654
321
144
840
899
791
383
525
160
697
89
161
958
170
588
300
124
711
564
103
223
457
815
911
214
79
777
220
640
656
100
552
540
708
529
50
851
750
887
376
20
140
829
42
503
639
615
402
387
707
573
407
184
471
600
269
839
662
475
48
808
620
247
923
64
825
776
152
720
391
546
371
273
106
86
212
202
661
108
558
288
585
88
857
755
551
954
23
334
496
609
732
18
2
56
13
107
130
719
8
37
143
479
