2203
5839
8992
2436
8
7012
4034
9495
3743
5886
724
5758
6093
3105
5147
6773
9885
8612
4259
2920
626
8401
8322
6607
8056
964
3402
129
3846
2247
4277
1777
943
3807
4402
9563
8196
4170
8894
3666
9551
5030
458
7059
6765
1310
417
3320
4447
7612
9107
5362
6889
6247
7074
8426
1215
7044
5545
1025
710
5122
8220
7918
9864
7652
213
6419
9987
905
2334
272
919
1673
1393
5314
9532
7522
586
1086
4920
7348
4675
6560
5342
3364
4026
5553
3517
7371
3888
5980
8441
6137
6167
2919
1163
7242
9102
4116
2731
8407
106
630
6184
9842
7238
6189
6295
4571
6819
348
3652
6476
4233
7064
994
4963
6121
3438
3952
9783
9791
4883
553
5339
8236
4405
3907
542
2880
3657
5558
3403
1799
1897
4412
8585
8544
6463
3407
8479
7346
5642
4364
6469
1170
3884
4848
2901
1729
6833
642
1156
1206
2480
4074
9907
9160
3613
6181
42
6703
1814
5190
6958
5077
4739
6092
5672
640
4415
1258
7129
4488
3054
5578
4741
9669
1619
6342
3387
8666
743
341
1548
3520
7827
3673
6612
8604
3741
6512
2962
6720
7119
3584
1958
7929
2248
6330
914
840
3509
5283
6656
7654
2366
2273
9948
5182
233
1054
9494
9587
9357
5338
1734
9781
2550
9884
1424
1973
7535
8850
6057
6378
3717
1809
9776
2499
7590
8526
9847
4533
337
4375
2173
5050
9985
4740
7340
628
5474
9173
4935
4593
3983
15
3870
2361
6857
2396
3550
1634
2810
8627
8839
2704
4149
4868
9892
3688
1891
382
5618
1100
1504
5722
7355
5053
4118
9288
6786
5369
4372
4774
9394
1373
5336
3845
863
4931
2549
4265
6195
8378
4576
7184
1878
6633
507
2284
9678
779
6671
3012
2147
9071
3510
3739
3528
674
5458
971
1196
5160
3357
6913
1491
4315
9804
667
8995
9292
519
9219
5985
9112
7417
7680
144
9886
557
2537
1427
8380
5670
5127
1241
4204
2246
3380
1730
7357
7838
5751
5400
7246
535
2606
2142
7567
4440
8135
358
145
1409
6595
8300
3568
8783
6453
3080
5467
8602
119
2172
3224
3343
4401
10
3420
8061
1512
5138
7829
7486
3632
6229
6338
8928
394
4780
1142
428
694
2572
84
1191
9833
8955
1812
1986
2847
7702
2616
9089
7656
9393
4766
8272
3519
5874
3801
8432
1027
3748
4546
9970
8145
6271
7255
6255
9680
7389
2645
879
7512
3901
5478
8018
1630
8622
7625
4560
7325
3125
3450
1381
3923
1012
647
6502
6245
2925
8540
3377
5983
5876
7692
3768
5649
3785
4191
6156
5843
1846
4755
8338
5734
5493
1439
9062
8396
1576
3371
2233
6941
2669
9715
304
2087
9995
2750
8945
9812
4509
4664
3926
6943
6292
353
4339
8213
8883
3271
1859
9712
178
6272
4633
3935
7864
1281
2923
9828
6755
9308
109
7030
611
4522
1797
6811
6270
7256
241
5428
2372
2399
7387
8200
8633
3362
675
854
8481
8870
2848
3002
549
4585
2684
1839
8683
9211
8906
8644
6074
3812
3794
9782
2613
4399
3189
462
4460
4985
4193
9836
1186
6199
8522
8008
9737
1347
6166
8892
4884
1096
8923
9145
4123
67
1018
6051
9108
9448
5265
9366
6048
3692
8128
3475
5735
6346
7226
8497
9521
5308
5255
5158
4290
9190
6077
4844
8117
1773
5366
1594
9862
2050
503
1138
8425
92
2151
5351
4009
7875
3178
6150
7885
9164
4035
1084
8857
1051
8219
8455
3540
5594
3480
8976
2292
1145
3532
6678
3730
3811
8323
1620
3747
5522
7894
8642
5712
6531
5819
7646
7479
8025
8234
8388
4032
3058
3647
7837
5583
878
4010
2148
308
3139
2930
9897
5955
9741
841
8854
1603
589
6982
8409
16
228
9072
3544
3356
329
6741
9169
3381
7094
8698
1037
7703
2761
340
5582
8775
1470
4940
7667
3179
8144
4201
7942
2509
3839
4962
1319
9690
8297
5589
1671
1688
1212
3618
5321
8292
8179
7851
4907
4345
7006
2220
9094
6944
941
4457
3838
5752
1176
7510
5809
7614
133
1582
568
8983
2410
1697
1938
6089
2437
4428
7883
9914
8406
5785
5496
8035
7338
9708
5460
7808
2109
2581
7546
5704
3459
7792
1532
5964
8541
7004
9572
7219
9980
2094
9792
8442
4341
5254
224
3548
8904
489
8822
3234
8443
3637
2867
3447
2608
3
4231
1740
1849
1642
2460
5828
7682
1259
7267
9073
1816
4837
9733
8301
5581
5797
3939
9451
4494
5041
8073
998
9139
3193
1081
5659
243
4827
3949
6645
6597
2928
4710
5763
9421
2426
9257
7273
2578
6036
545
9917
4012
6005
2486
3483
972
8600
7200
148
6960
695
6957
9628
3111
1528
4649
5398
2430
7013
9024
4359
3010
4850
268
1476
8060
154
8245
6570
7720
714
6984
1808
4011
5529
5218
8270
6925
3895
9006
3145
5590
9557
9284
9735
8875
9475
1088
4875
5203
4437
9534
2358
4292
3238
9759
989
184
4770
6296
2792
8386
7090
4964
1289
4267
7326
8015
8019
3879
3987
1644
2996
44
5739
829
6674
3221
4169
9029
6605
1162
688
8104
872
7088
8178
4207
1074
3733
7659
2329
9953
8696
6405
101
583
7594
1784
8830
4090
2863
2740
7195
1993
524
5956
4080
3538
8359
9471
5834
7584
5106
229
6510
603
6459
1684
8598
605
5833
8321
6592
9140
2496
9008
9049
4600
1901
7620
9720
4151
7502
6491
2427
5676
2330
2020
6175
4586
9410
3736
1343
531
6606
1365
7140
7101
7897
4294
3792
8361
2132
7928
4249
7813
3668
8558
8569
8590
9790
1152
9984
609
1361
7378
1179
1366
3046
977
6173
9463
2180
2868
1446
1137
8872
9461
5681
5159
981
4016
7349
901
1146
1216
5576
8971
55
1287
7483
1829
7453
1072
7699
6949
8728
9177
9795
4156
8176
1272
7354
88
9411
3398
5959
412
8085
4333
5216
2112
1963
9807
6993
5353
4824
9191
8796
7093
8528
4361
434
8374
5564
8580
6055
8755
6062
2450
1516
5226
4903
5692
6875
3804
6534
8589
1687
2915
1608
3847
9175
6549
1248
8152
7289
3295
4020
7684
6259
3199
1222
8171
6351
6649
4050
5466
9614
2072
5476
3422
2056
9599
7027
5899
8415
2229
6733
97
6035
2350
6527
2317
4146
2630
1276
5139
5919
5393
1488
4096
2564
7269
6297
785
3507
6487
2002
6072
3006
6100
8487
5426
8464
4544
1825
8317
7166
5687
3909
7433
5875
8459
2453
1482
275
2541
9052
7164
1617
3819
7359
3431
5012
4845
768
7171
974
8111
1280
5884
4776
90
3150
2871
8375
9765
1266
4535
1040
1553
163
6214
4715
4521
9229
8289
3107
656
722
4727
2153
3341
3835
3756
980
8654
3164
1972
9054
1438
7715
3382
6904
5863
2634
3449
1628
5671
2449
2742
3863
9148
5748
3912
8274
3316
9731
662
2997
8954
4418
5246
5698
1754
4417
3961
1524
3418
7072
3587
9896
1043
9207
6662
1052
4518
444
5269
4313
763
8094
5297
5287
4167
575
5403
8629
9801
9050
190
4942
9245
3545
843
822
1554
1238
2596
488
1768
4242
6917
4319
9634
8527
2584
4280
682
511
3427
9186
3414
5647
8591
3040
1649
9098
4311
2428
9577
8855
3872
8478
9890
3985
851
4874
2770
7439
6805
9742
1028
122
7821
3190
899
8251
4971
1693
2296
5666
147
2842
8889
8221
370
1935
1624
6561
7566
7277
6581
5085
2343
2123
5623
6014
4431
1625
8980
7551
2183
7639
5194
9424
186
8387
5684
3636
9823
3219
8808
9336
527
6565
4350
4820
4253
7183
664
6787
1519
1547
8462
8049
2815
3069
9533
5312
6594
7091
7648
9268
6977
2939
1536
4059
857
352
3313
1252
6745
2311
8372
1106
9396
554
5507
5841
9814
3348
7647
8057
7158
7239
1990
3674
8940
7281
2066
2175
7193
5938
5992
6387
2035
9298
570
4591
5310
1049
9585
6884
7031
5907
4973
7597
8267
3412
2555
9046
1789
2999
4183
677
9206
254
6930
2512
668
1345
6354
3902
110
4184
9109
7759
9918
19
2263
1522
2464
7309
4847
9883
2856
5183
3549
175
2994
5165
3762
3181
7843
5872
311
441
245
1937
3124
9067
1207
7994
1473
9327
5718
8816
9748
881
8687
162
7231
465
1762
1204
3924
4519
5461
7333
8767
8972
9956
3086
4157
7382
7916
7558
4062
3670
1301
4628
4599
3082
8009
2408
7003
7610
4783
4344
4246
3579
5394
5628
5609
4229
2659
7638
9228
2708
7575
6261
2251
7987
6624
9556
7865
2940
9981
2918
950
8113
6032
9182
2617
618
3513
1562
9964
3866
7748
2105
379
369
2040
2458
5154
8502
3860
8070
3680
4823
5641
3780
5415
7697
3582
7972
1520
4187
5791
3177
9928
6010
8232
3934
3388
2095
7399
6142
7649
2891
1864
3153
261
4421
3782
7672
1695
4831
4918
856
7532
5032
5221
9323
7156
3114
7144
7789
7585
2651
1910
3182
6170
6572
4779
9773
957
3490
4053
4109
3404
7678
4301
372
6757
708
7487
4370
9612
1715
6436
3140
5733
2037
7589
7321
5391
8136
8350
5845
8565
9433
5042
9129
3639
8318
9672
5003
5134
3067
3602
4839
4218
2903
6630
9369
4113
6078
770
1400
6557
2790
3159
6831
7637
5556
2405
1379
6282
3000
9034
8419
705
9301
4073
3731
6273
3725
2978
9019
8047
6817
3098
731
960
7029
2030
1905
4128
6808
9661
2503
2579
7506
4273
7856
5452
3302
1225
7182
5145
4622
3443
1314
1342
6431
8480
2989
5290
3168
5870
5816
2466
565
3944
4185
9263
2720
414
1444
2455
3732
2952
5208
8120
8358
8652
1704
5732
7603
2934
2519
4514
2715
1257
3917
9882
5878
1262
8379
9197
5120
6673
5326
39
8437
293
1672
2631
4751
7819
7400
8549
1304
594
6288
3436
8470
4362
3928
6866
6533
6481
7932
5191
8659
2228
8325
3798
3641
9187
1517
7430
4208
9321
6635
2348
4854
3605
3275
1073
6586
5663
7477
8053
5660
6019
2566
1847
3642
7058
5009
2773
6497
403
7569
6456
7537
4788
8675
432
3921
9570
4597
1960
7010
8022
2074
7409
3711
9799
5915
5950
459
440
6494
9860
6872
177
8072
7797
8766
8460
232
866
5464
3885
9784
7834
2998
3765
1076
7576
4573
3751
1898
5793
5005
1591
6196
334
2057
1621
4442
9840
6761
6274
6376
6350
8214
5177
9968
350
6619
3142
1339
136
3818
2873
9388
4855
4024
9138
4473
153
7859
9210
4619
4506
5257
8265
8256
9656
8856
8226
7636
1392
2197
4498
2143
9652
4919
8664
3677
4700
3383
1840
2739
8981
3115
1714
8670
4188
709
6368
4471
7530
5107
7425
7328
3260
3016
5249
5213
8898
6070
9808
7779
6582
5543
6517
5976
8960
411
7634
135
5526
5686
1408
4665
5941
9427
9295
4781
4270
3753
2322
5516
5610
4480
2791
2869
4547
2226
9786
236
6230
5307
7264
7765
9485
359
4357
504
1599
1967
9051
2479
7286
1260
2677
9311
864
8339
2598
267
6205
2098
3454
6306
3601
7564
4408
6105
8043
6545
1876
7454
2995
6850
3484
2185
4325
1425
7240
2573
3482
4332
8260
6440
8967
5949
5470
7538
9482
9361
1546
9265
6499
7447
7839
6813
315
8786
592
1882
7341
1683
3137
9771
4317
593
8516
3426
1679
5345
6870
7488
3707
3774
9192
4773
9001
9162
2724
1934
5852
4887
7727
9218
8357
5679
7900
2779
776
4434
6344
8264
9553
8603
1202
8129
9274
6508
1431
5185
418
429
7542
2365
9075
8461
8926
2016
880
6736
2218
4055
6851
9626
7867
2025
4614
4295
661
8404
596
8911
4206
8150
3523
1560
3518
8195
2039
4223
8248
9643
4199
6225
3572
4475
5505
9903
7871
2696
7176
4916
1506
6514
6118
7908
4395
1440
8290
7202
2532
9356
4889
1467
1335
345
887
1780
6669
789
9778
1235
729
6458
8648
904
5883
4479
2250
9224
9888
5527
7814
1526
9470
2155
5163
3035
6667
5343
5890
2894
8716
7312
4800
3590
2415
3859
8342
7806
7831
2795
9302
9667
5450
9196
3088
3385
4605
5499
8146
325
4174
5788
4921
4911
9048
2786
6697
5536
9346
5726
2870
4565
3070
3873
3147
223
4890
2809
2441
1919
3755
794
4470
6735
4220
1889
5171
174
9969
1295
3978
4757
3655
3456
7890
278
8106
9716
7737
9703
5279
1474
3354
4513
4232
2224
6143
8836
2956
1082
5995
993
5083
4689
4705
1748
7405
7764
7440
7924
4424
4304
8733
7840
430
6797
4077
1515
7445
5483
2208
4530
1661
9641
4523
1344
8279
3399
6425
1525
1208
4726
8932
1571
2706
8881
37
938
1837
1194
6731
4075
2614
8863
9513
1541
1497
8782
6683
2401
1148
9668
7186
3903
7295
4769
7679
1190
8294
3194
9659
7019
6936
4594
8805
3103
8723
8884
7586
4767
6972
7968
263
2663
9137
464
212
775
7128
760
4416
7415
5485
6264
676
7089
1317
3478
7191
6339
247
5258
8702
9205
9039
6933
6793
1109
210
6553
3307
9261
3697
6800
7009
3499
6986
2932
4660
4369
3270
2494
6829
7980
3241
4552
2816
6979
6902
9971
222
1171
2053
5973
7155
4166
139
811
6492
7665
7852
4871
3515
4849
6688
1077
8531
860
8059
7220
7199
4932
9758
7596
7414
965
1066
4141
4025
4807
7712
6616
8420
8495
3089
4714
820
703
3537
5387
2866
2324
3689
9673
9151
4803
3588
8693
1764
3508
7974
2254
399
3298
2309
2679
6102
7060
4723
7050
2823
8601
6324
5906
9466
4730
6988
6360
5693
3424
6962
2861
3266
3274
2763
3826
6246
4621
8734
4557
9902
9170
5071
4568
5025
9527
892
7148
1134
2831
8435
5881
7777
538
6126
9068
3644
4219
8021
8753
3281
474
4707
4924
2798
4627
3309
226
264
8933
1000
5521
4017
2316
5078
6345
1887
8842
6281
4190
3931
5905
7375
1736
7492
1534
2782
7714
4258
9414
2468
3268
4461
270
3033
8071
2461
6782
2587
2447
1466
9910
6408
7880
6576
1127
3687
402
7180
7336
6998
1452
1116
1129
7728
8523
2069
8004
9796
2897
6478
9171
2054
3128
867
1435
1456
2752
3784
4047
20
4738
8307
3578
9514
3813
9537
9600
3997
1948
2473
9116
9490
3121
9834
9337
7820
4941
7670
5442
8077
3451
6705
1299
2029
8914
4131
7305
1633
2682
5554
6188
937
2771
6968
7373
7904
7294
9811
6444
2950
9285
4180
2213
3526
9483
8669
4592
1139
5313
1631
607
1674
5825
9165
7747
8122
1033
5162
9316
2278
7607
9589
2904
6600
7528
8797
2662
9341
4549
9815
4014
6536
3311
7533
7360
3763
5157
5783
8054
5248
1879
214
9543
3592
8376
5867
4321
4453
3023
3158
4276
9714
8398
9645
2287
1130
1728
3659
8970
2686
6916
9878
6638
3416
5250
8456
2182
3802
2088
3685
9386
2434
8259
2294
7722
5986
5633
160
6123
7979
9762
207
2557
5379
9315
6665
9767
1652
7463
2913
3435
8942
2031
4148
5121
5132
7872
6155
4642
9283
1928
5027
2636
7431
5700
8725
7456
4356
5981
2546
8329
2202
9562
7988
7757
2028
929
4015
9717
168
5040
1775
7912
9128
8433
7381
4975
3546
4822
1124
1455
3315
6556
9303
4582
7130
7997
7039
9061
8917
3297
8449
4894
6263
6935
2336
8749
8895
2337
4578
1953
7216
5238
8109
5322
3945
6856
6172
1682
5544
4937
199
517
1071
3287
5548
6910
9417
1102
1763
6045
8293
3135
625
8741
2522
1002
9606
4216
1843
7442
6147
3363
7393
5325
4655
4869
7423
7954
5615
3050
635
2488
5620
3440
6772
9584
4711
7127
2425
8969
8781
8002
6513
7951
8689
342
1720
8758
6301
8890
3166
9419
8410
1370
4863
1030
861
3468
7103
2364
5024
3463
288
1597
4598
8715
2849
889
622
2575
8473
9545
2423
8754
6785
6883
7087
2362
975
2190
427
7081
5454
3409
9378
6426
3048
9276
9875
7297
200
6104
3325
8597
2116
7434
5646
1545
3955
493
8058
9080
4596
1607
3294
4833
4125
4482
4052
8708
1821
3143
5352
8367
8100
1173
7841
1605
9047
8188
2725
7133
584
1566
3005
6754
4100
4283
8276
1580
2012
9408
2610
449
1817
7723
7503
1991
9743
4114
7461
2835
3131
4262
2859
5703
2858
8451
1302
5245
80
6632
7725
7655
8852
5087
6744
5429
7274
5961
3993
2431
8916
4654
1118
8893
472
5268
7467
3660
2700
5008
8847
9446
2156
1168
9640
8998
7077
482
939
1927
4672
333
6413
185
2435
6349
4481
1559
5095
4625
1666
1853
6774
9588
5029
2733
5538
7962
5805
7473
9243
8029
691
9256
5273
6615
4756
5945
599
9920
6003
2927
8931
4153
3458
6729
249
8791
5350
2381
3787
3970
6863
8408
194
1868
3085
4531
5508
2206
5317
3401
4512
5957
5141
6362
50
2374
473
6430
7342
6244
9677
6015
2852
6061
8086
7788
152
3975
5378
2728
1471
1218
2141
7207
5108
9684
9166
1242
4702
7315
1292
9468
6194
8641
1969
5827
5309
537
540
7746
3280
8706
4423
4786
6343
7668
6540
7026
1505
2321
7944
868
2482
9608
1411
1893
9555
5755
7224
6326
6954
6893
6386
4577
8328
5525
6107
8310
2047
9723
265
3176
4142
4536
3160
1303
604
2310
3196
2992
1458
3453
8919
8609
8993
1203
6842
215
448
2601
8486
1589
2235
7137
2642
5125
6329
6849
5344
1312
269
9134
1269
8316
7120
1979
6390
4196
9619
5644
4043
2806
2188
5363
2603
1705
5133
5787
8483
7660
617
9016
9208
9730
2171
5062
47
3651
8645
509
9230
4968
6304
7700
4721
363
502
1862
310
7152
1869
8828
1863
9176
8628
1399
4095
7002
33
5800
398
2719
9623
2730
7331
9770
9580
9437
2876
5520
5480
2299
9629
8553
5926
1111
2604
6269
9529
3057
5207
612
9576
1752
5761
717
1396
9974
6828
3894
7995
5947
1448
1053
2825
3569
8792
9962
9575
6331
7285
7848
4500
2969
5332
5708
205
5991
7860
1641
18
9432
5436
3187
4529
3245
9397
8165
477
7110
700
9841
6618
2340
9646
9632
8313
8787
8908
966
924
9309
5302
7896
9380
2245
3493
5571
5531
1918
7054
1219
5
745
4132
7825
2062
3369
948
5866
5155
1896
2511
733
7065
169
1348
8051
1732
6575
6165
5051
25
9856
2169
8091
4828
1453
6145
4454
4719
8352
7606
6366
6396
381
7141
3267
7250
7067
297
360
4648
6862
4913
6868
494
4192
4933
7555
8228
8630
3927
5341
6161
7805
8107
10000
4023
9865
5837
8000
2570
2345
9602
9318
903
8769
6468
4429
619
8594
3237
1390
6874
3495
7000
8075
5900
8530
4209
1385
606
1256
5897
7292
2177
1886
2845
6644
8984
2672
9314
1026
515
5565
4785
1378
4040
5384
104
6929
5093
5223
5418
752
8640
5901
6433
9339
5593
747
1234
3948
8846
8123
9011
5551
2983
562
1909
7367
1823
6752
6687
1117
7135
5086
2131
6437
8154
7187
1224
5624
3411
2818
3259
9503
388
2457
6742
4456
3686
3116
4093
1774
5595
6542
3230
5630
2675
2463
5456
1811
2038
9334
9774
3322
4393
6901
6285
2127
1708
4373
4492
303
1485
3072
116
6016
953
9331
2114
1213
2536
3991
6764
3936
7901
1925
138
650
4980
5799
4367
6569
442
544
6520
9912
2346
7452
455
6651
5396
5601
2059
5089
1975
6643
1572
8465
405
9462
4070
9447
2382
1962
9246
5284
7927
2732
6717
5515
5768
7504
1031
3093
6818
6058
7617
2049
4819
8824
6563
4135
7770
5088
8014
2805
4997
7877
1166
6908
1924
2785
9650
4172
2577
4288
59
9096
2323
7053
1795
6932
6151
1836
732
4158
3491
1902
521
7063
456
6961
8306
2569
5826
932
142
7078
4
8368
4390
9030
6251
5096
3817
574
7105
5993
959
1325
3172
5266
1391
3028
8173
1244
9253
1770
8937
5232
7773
2839
2075
7374
1128
2034
1346
7203
5603
3766
2594
5656
2485
689
486
6947
882
1019
7853
3752
6110
7386
384
897
7811
9722
7005
9986
6231
2003
7112
8360
5924
1841
3964
5596
1888
3009
5909
4006
6341
2640
6028
9578
8458
9670
3729
8239
2953
6704
9250
1908
165
5067
3965
9184
9269
6340
5237
5278
2137
6153
7495
234
5289
8416
7540
2776
6516
5740
4450
3321
9691
2303
9625
8381
4230
2966
8343
5968
6660
6375
4175
6489
7270
6176
4397
4581
9348
374
4499
6602
8092
1197
6018
9330
9687
9603
9746
7849
8800
9221
6242
1610
7163
6030
4323
6574
9093
2011
4435
1153
2223
5080
2312
4496
2667
3937
8083
4110
4752
4030
7514
8679
1998
3914
3821
7142
8472
3001
9395
5857
2582
8593
3239
3980
166
6799
982
2414
1044
835
3470
5234
8349
7261
2843
8203
2814
2019
4168
2242
8185
8263
5731
5274
6658
1579
853
5329
5111
2565
476
7739
8068
189
3799
1231
7190
1653
7892
5197
7173
8915
8825
2951
8625
2900
578
9787
3554
5709
7082
3065
4210
7299
4181
9941
9202
9272
1691
2600
8583
4859
1954
9852
4802
4793
7571
9798
8866
2349
2561
9159
614
780
9803
5383
5049
1131
1413
7086
3087
6361
9554
6204
805
13
2670
8440
3740
2822
6209
7906
9007
3132
6948
8574
7396
5084
8806
5230
4384
5021
6279
2111
1913
423
3228
3151
1167
6900
566
4213
6356
8190
9214
6223
8309
4879
8296
6239
2119
8951
2588
4922
3719
5539
1807
8535
3261
6060
8738
931
8765
9090
4485
4194
1274
378
114
2712
2650
3900
8308
5750
6240
7598
1251
9242
3326
5079
7459
2448
167
9042
8160
3878
1873
5034
3091
7858
8363
8949
2929
2367
1550
1955
4990
3277
3905
2902
2107
5128
9679
3911
3032
3989
4972
2517
8444
2232
5873
7915
8671
3824
3797
2097
3433
2351
6358
6367
5220
6399
9240
2375
9509
2327
728
4410
1293
5457
3625
8756
3534
3254
740
6179
1974
9358
9174
1108
945
7745
6791
8353
8776
5795
7121
1133
1894
5717
9849
8851
978
5031
4354
7704
7376
2487
7125
5830
6931
7531
1890
1306
3861
7258
2354
8405
4511
6530
1895
1493
6069
8546
5585
9037
9496
9056
8779
3575
6749
1527
8525
5131
2276
8269
8006
5764
2551
3617
3034
2590
1810
6081
2063
9063
4483
3877
6283
7117
2274
8956
3273
1450
7157
911
1915
7741
5070
481
6337
791
9092
7096
6535
7500
3379
9457
1327
2529
2986
8862
3472
2000
4314
161
1178
4235
5090
8721
9905
151
3852
4610
7288
7047
9270
7632
3073
3062
1463
1478
35
246
1465
5559
7489
1200
5348
2478
3417
8037
4465
9638
9593
6668
8327
8621
6599
1298
4699
4969
1654
1577
1640
4880
2160
8370
6722
5174
6407
1606
1959
4567
2644
756
4056
653
6886
2446
5136
555
9217
1719
7401
1459
2380
6591
8170
2586
5033
6693
4957
7306
6999
3963
6909
3372
1161
8281
9220
5431
8216
5247
7941
2661
9319
1914
6226
9586
7345
4252
2965
5109
1229
2787
2554
2211
4329
716
6034
8118
9015
9406
157
7990
6275
1592
5004
3929
7888
3745
2864
2530
8703
795
8262
8337
6710
6353
2780
4647
7591
2344
5251
9077
4682
1462
3749
2619
346
7534
9304
6938
2553
8887
2400
3874
629
1941
1384
7710
1657
1144
8494
3342
6004
9881
6262
1981
7754
940
6477
7957
7215
7073
9504
8132
386
5015
279
8903
1236
5782
8034
4057
5178
2627
1369
2022
6976
6869
9083
1150
8383
8210
8476
7070
3737
3809
9855
2756
5561
8563
5112
7366
8989
3339
4347
9359
9435
3314
130
2926
6202
6690
9965
3210
6546
424
7731
4092
3120
684
2418
7205
5179
8417
1359
7104
9180
7045
5367
9403
2379
1333
7232
1034
5409
4455
7799
3198
6951
7394
5756
1315
6750
4929
9536
9736
3555
302
3256
8348
1021
4502
827
4905
1056
259
1966
3999
7223
435
1549
2754
8655
7168
7931
8471
8849
4902
1195
5821
9478
2308
296
4810
9172
9826
1004
685
802
8362
118
6783
6965
2612
1632
9000
4022
4161
4645
5277
99
7327
8180
9558
4746
1058
3796
4409
8127
4413
2743
6029
5738
6871
8224
4484
8676
8238
8532
1015
5974
8284
192
1135
7230
8551
1090
1035
3691
5038
3022
6700
8280
1055
1050
7041
9851
8162
2491
1852
1930
6317
7948
1092
800
4563
9300
6467
8447
6130
6180
2341
9610
4274
5371
7150
262
7644
3842
1210
6529
798
4117
2146
46
3094
4368
7304
4088
2231
6798
4643
5385
7930
485
7579
5143
9147
6472
4266
6059
3257
3258
7271
2439
1428
2808
652
6026
4790
2204
5871
5486
5778
258
1305
9705
7251
4691
7570
6434
1741
3892
316
9732
6033
4306
9041
2711
9247
8996
9059
5847
5161
7465
8191
3904
3570
2757
5488
3541
7515
7233
7850
1900
5375
9132
4939
5552
2219
7462
3612
3829
8520
6011
6792
5517
8827
6890
8879
6559
248
5683
1724
9772
2187
5471
8948
4626
5359
3746
5347
7798
9467
6664
3286
4991
4404
7879
8677
2948
173
7559
1164
7259
7873
4448
6470
514
4054
4735
5114
1865
9425
9618
6482
8488
5188
6013
2027
72
1542
6234
5807
6216
2655
2115
5895
2236
6647
2113
4717
3292
5923
4445
5219
390
2685
1739
4892
6027
4808
769
7153
6409
2990
5263
4617
5323
9797
2734
2971
2506
3346
832
4042
8732
5523
922
9901
4420
7416
8823
9935
2524
5829
3195
6636
5058
4027
2193
9399
235
7363
5498
2407
54
5149
102
276
7307
8391
6860
9806
3820
5944
8090
852
6666
2196
3415
9021
6590
9922
8994
7886
2456
2041
9477
4477
6537
1613
2267
2391
3841
6114
3119
6809
6101
6655
179
855
6663
4451
1107
2874
2984
9428
6000
9662
335
1193
9444
1558
5542
2707
8430
9685
2513
1355
2518
1956
9794
9601
3390
3876
9906
2654
9183
57
7174
8579
1949
8001
4340
813
9381
8098
2504
3938
3849
8997
5887
4663
9131
7235
9676
1489
8905
8237
4550
3976
7884
5386
4543
9850
3722
2129
2005
3854
7391
9567
9694
869
401
2905
516
4589
5405
8024
6177
7517
9121
1496
4615
3263
5451
4094
1332
3445
759
4029
8254
6080
651
2221
313
8550
8888
7025
657
1669
5719
9539
4798
817
3218
1487
3373
7662
6388
8552
2046
2515
9702
2552
7694
5730
9055
7563
7365
4284
3837
2784
9481
8562
4927
7178
5848
77
3049
187
2424
7996
7162
8924
6314
4371
8876
3299
8148
8617
4888
8201
2766
7527
483
533
4087
748
2972
4758
2893
9958
7796
2957
1147
1247
7965
5253
8474
8258
4743
4708
4098
3392
1075
3395
6519
146
4515
6762
5855
9040
793
6837
5448
17
3350
2505
9384
9979
8431
6140
1543
5612
3494
4433
2186
4061
6727
9547
2240
6135
6075
4243
9915
2004
4736
2851
2099
5239
5540
8511
5636
8429
3543
3875
4595
8877
2008
7139
9392
2592
2371
8804
4908
9017
2085
4138
7643
7505
1535
5010
678
8747
5299
3869
4630
2520
3557
6334
7876
6146
1278
6187
3204
8788
9689
8392
4198
3525
7816
9898
6352
2451
4983
158
6402
5772
4422
7882
4641
3474
1627
5334
1523
7361
242
3317
4195
6989
5626
4159
3175
5701
915
6397
8231
9368
9113
3265
3461
126
9695
9198
6302
952
389
9312
8082
7593
8868
4662
7262
5815
2803
9718
4472
9383
7035
8142
5413
4474
3850
4189
8684
2024
2091
6400
7981
7147
3994
7986
7464
9579
7023
4607
7793
2200
5380
5929
2301
5007
4305
9370
2222
6086
3226
9863
111
5896
4763
371
2647
888
1601
1069
3759
395
4984
6551
8813
3242
921
1003
415
8102
1263
2941
172
4566
4701
1595
4681
8988
9528
6564
7099
5575
2681
5965
1243
997
5410
294
2597
7683
1626
7317
5119
9757
4490
6746
6882
9769
7508
1061
8922
2889
2026
376
6642
690
2755
230
5696
4713
7803
3344
6684
2124
4554
529
9491
1717
1183
159
1735
1800
7862
8681
1443
534
7455
5557
3803
176
7095
7836
4821
9508
9484
4281
1189
4540
9519
3946
8575
5918
8798
1441
2385
967
6521
6777
5688
6681
5856
6766
5534
9299
446
4709
2802
985
1320
2209
4033
9476
7854
2664
8751
5674
8811
9749
2285
9280
522
1217
8320
3306
6940
2890
6097
846
5885
8399
5606
206
70
6784
4324
7934
4731
5104
3106
7686
8153
3216
9516
4351
5994
5958
2657
6357
5180
3563
3616
2064
7198
3988
3113
4612
9548
5916
1578
8699
7218
4678
6997
3503
9413
9104
5971
5946
1511
754
9439
4338
5013
6046
9688
11
3566
490
6473
1793
2898
5808
7724
365
4049
1988
6854
5779
7608
9332
4160
4389
1095
7539
9349
7855
3231
9239
610
8646
3127
1185
3615
1727
6924
2394
7618
9780
8390
5440
3370
660
2081
1265
1352
3278
1638
6277
2751
5438
9819
5037
9955
6806
4900
2804
8356
9389
5736
7272
7778
2516
338
1282
8492
3376
7316
683
5357
3053
8864
9693
5189
8561
3703
4326
5318
697
5054
9569
8499
2443
6732
8979
1723
4285
1904
2738
7388
5368
6877
686
1437
8218
7998
870
8697
5259
6248
5311
9416
7587
7611
4003
7115
3225
707
5533
4076
8634
9189
7565
8424
8717
7919
1964
4677
7491
343
946
1286
1968
1636
726
4236
7582
2635
2759
6995
727
3881
4987
2214
8110
9923
3857
7935
3289
6801
406
443
318
9373
9591
5528
9064
1336
1834
5017
2716
5920
6401
2159
1722
6503
8643
6768
4237
5233
9947
3833
7498
3505
7298
75
8223
4720
1850
4045
7822
357
666
9248
7276
7332
3867
9382
9991
4119
392
5006
1457
4082
280
767
2954
6208
1767
3840
4286
9156
1338
1803
436
7008
558
3244
4002
6039
6959
1751
6824
7554
6370
2875
7406
5395
6117
9559
7671
7705
9154
7509
1104
7339
3832
5864
2827
496
5640
5475
2821
5953
5939
6598
5546
7161
1970
4966
2281
2676
590
6778
8225
7398
2695
9233
9654
8929
2363
2145
6770
6038
6686
9709
7749
4606
3669
5502
257
5998
2748
5891
4121
2045
3629
1742
5102
5463
7740
3539
8891
920
9936
5577
2937
8475
6429
6316
1172
6501
912
4099
7581
3144
6207
2609
7562
4419
8311
5212
2395
1290
5164
2373
4257
9372
2406
1119
2745
9992
1746
8719
3154
1537
2591
9273
3957
4497
6853
2471
7040
3083
9550
7548
2181
6680
4901
6457
8172
3310
3406
6631
3338
5365
1110
9241
8635
8099
4162
2230
7021
5550
4994
4385
5982
825
2857
9721
4081
5244
2841
1685
4692
670
3246
9255
4658
5468
5996
6290
2326
3464
6967
885
5113
1321
2472
7263
1330
451
9706
2760
4915
2545
9087
2176
8452
1503
3561
2198
9596
9426
7460
4671
6980
3918
6379
5044
4891
6712
266
6804
577
5535
7766
8515
9848
71
1832
4051
4133
8882
5064
4688
8610
8204
2474
1192
3585
182
7889
3243
9879
8450
2102
7772
7287
7372
8233
1584
3699
4414
3718
3754
7470
3947
1155
2691
2793
3502
7494
5667
8333
5192
3511
3462
6604
9407
7149
2595
1833
1612
5092
6887
1388
5166
5020
5364
925
7624
9026
4438
2313
5796
830
804
9624
632
9487
1354
1766
9924
9975
3041
7280
9091
4631
4835
2796
973
8013
7257
6191
8760
87
6462
3504
8242
3262
3501
8726
5937
6550
8423
9895
871
9940
7736
4186
2602
1151
4965
8400
4516
3506
1461
6907
3982
979
5835
3577
6952
9916
6867
2666
1205
3956
3077
8130
487
8436
362
8032
3442
2369
3734
2576
6480
5422
127
9872
1696
1794
3556
7832
3110
4791
14
8608
452
8661
1670
3337
8790
6496
4342
5105
597
6788
1787
4462
2409
2174
3967
7468
3933
9726
7181
8571
1747
4676
6526
9636
4725
7917
9775
6740
9167
125
1120
82
8860
1237
2117
7329
4411
8141
7999
1297
6265
9362
891
5196
4212
7116
1771
9663
8382
6571
4775
4140
4548
9952
6224
5491
4104
5910
1232
5018
1531
8243
4489
6978
2130
3880
4893
8567
5794
3913
4747
7051
6243
6580
4898
2289
9574
2626
7369
942
1565
9204
2445
170
3871
818
3384
7992
7721
1510
3434
9044
5514
8962
8414
9911
1407
6395
6002
6448
9719
6406
6128
7330
1415
6305
1822
1875
1013
9038
9997
2947
6827
7362
6821
3318
8845
7561
8735
7516
7210
8298
8982
5374
7493
8011
3656
8023
4816
1950
2702
4795
2931
7695
4926
3678
1929
3366
6082
5094
3790
9573
8093
7476
3628
2813
5614
4101
8987
2154
886
4777
7969
425
3233
2820
5715
2032
7472
5942
8138
1214
5532
7977
3708
8946
654
7194
4388
7457
1199
906
6115
8198
3129
3535
5412
9277
2547
291
6509
6921
4760
2944
5851
8125
8815
9824
6412
9853
3915
687
5836
6112
8175
28
4115
2943
2834
1874
6228
4254
4318
2671
251
9469
3485
2846
2217
1726
602
797
4623
1707
9123
6974
197
3713
7519
9032
2540
862
2168
4178
6942
4866
2043
1678
7938
3055
2342
3607
1181
7446
2958
6657
8560
4838
4768
2122
803
282
7810
9564
7626
3776
5914
1699
4120
7418
9031
9989
253
9238
2376
2452
7869
4836
2013
5936
1945
9998
1469
8807
9642
1650
5930
9079
7118
2829
9635
4712
6608
8513
2120
4667
383
1430
5401
5771
1267
5519
5963
4501
5790
2307
8801
6822
6220
5690
7424
3248
1978
2726
3282
5039
4811
1880
579
7780
9939
1602
6648
4570
454
9972
8718
7243
8046
4291
8618
3358
4555
3793
6714
8438
8174
6500
7717
2065
6767
150
1997
5598
4383
7949
3152
9681
4794
723
6713
6385
2157
9360
6495
1363
658
4352
598
1989
209
12
2819
298
3650
7943
4072
5055
1486
8454
2855
2498
9078
5832
1760
7925
3279
6347
4551
9350
4851
5406
9099
5073
3608
5668
3882
4147
1382
3830
1646
1538
2421
6435
8572
7084
3856
6008
6063
2440
1464
7322
9398
8517
3667
4004
8230
5195
8482
1718
1340
7887
6511
1268
3391
969
6646
5990
2001
9768
3025
4449
3471
2413
9003
6629
2722
9420
6485
7913
6816
3822
2017
8097
6815
5076
5421
8953
6507
5702
890
5298
6758
9858
3658
5653
1125
5445
93
6067
240
506
7580
1410
2673
616
6168
2563
7052
5414
5707
7237
725
3293
9474
7249
2166
4944
4748
8939
2272
4271
4008
3361
3251
6219
1507
2389
4634
3886
5749
4624
283
1933
9707
9943
6124
7784
3068
8199
9744
3460
7266
3444
400
8428
5098
5437
7752
1174
322
4680
7421
3170
2243
2489
4263
4934
3868
2621
4640
7520
6911
5639
5645
6790
5774
4995
4569
6284
8978
8177
6486
3593
4772
5099
1587
1165
5110
3200
1
2639
2916
1581
4269
1664
5880
323
5651
837
8910
327
9195
6233
4018
9931
8744
5000
4817
2490
7062
5616
8457
4632
7964
6169
1857
2071
814
7545
3671
8514
6190
1105
2562
3214
7480
9493
7113
2055
6054
7755
9523
9111
2775
6934
9925
1786
123
3675
1616
9344
1283
1716
9097
1643
5911
8925
5337
9734
6695
6417
6609
9560
5148
3052
1753
5962
2607
9671
8496
7377
2266
9010
8595
4328
4951
3726
3017
7308
1940
5137
1484
9809
5562
4520
2987
3596
7301
7188
5130
3026
1389
992
4877
8140
2769
7950
3104
9488
7107
8183
8606
4860
4136
4978
7134
774
2824
8116
1005
65
2438
4864
2811
1713
3084
7353
6256
6696
6113
7641
8244
9517
7438
6312
5948
8588
5320
1755
2936
5355
2495
2165
8291
1402
256
6676
7275
5494
2058
6222
4784
5682
6410
2625
4145
5854
5235
9153
3473
4886
1743
3229
8740
7092
4202
7209
9800
8616
8345
2261
9043
3043
9966
4510
5392
3676
2692
8878
9725
9869
2991
2194
216
6881
4872
5989
1085
9076
7878
1434
2705
5346
4989
6708
6895
3008
6555
510
5300
3565
5706
8397
6001
9820
1421
4505
8961
6320
5954
1563
9745
7823
4386
9630
7767
5388
377
4609
3968
4439
1854
2397
9810
873
5069
3529
9999
4289
3992
9252
6661
6915
324
3712
4637
1922
6718
4144
8771
1294
1387
9133
7701
4476
7926
8639
3213
3969
6483
2290
1296
3805
1923
8304
9821
5072
7213
9843
1187
391
5484
1158
6990
7902
5710
5286
1261
2073
4316
4452
3441
3700
2765
2883
900
4956
9418
3331
692
3003
9582
34
3758
2331
645
4214
2534
3679
7735
6148
3021
6912
4303
5416
5898
6257
7732
2314
457
2665
8341
7217
9035
3102
3308
3208
6268
9699
4239
6852
3606
7573
7102
2508
6873
9540
7818
1123
9544
5721
3374
4238
5503
9549
105
9738
1331
9144
7985
201
8302
9728
3335
2921
3589
60
913
3810
3118
5434
3576
988
5282
4771
907
1668
4363
4865
9124
2256
983
8658
8044
2689
9450
1916
821
2828
7707
4000
6876
1097
9329
6830
6775
9374
6066
1818
8833
8063
3108
4376
1364
995
1221
7673
6730
6504
7474
6423
9122
1529
4381
1844
5912
203
208
1883
696
582
1802
3045
4037
9012
2086
9009
8347
7100
6523
7845
3249
2320
4749
9594
5611
2033
9651
4122
3488
7574
5372
7572
4205
2265
8582
6125
792
5417
3552
3694
7513
6308
3690
9066
5588
3038
7247
9216
8303
3943
6309
2615
2398
1792
6888
4812
8626
9854
6946
6589
8653
2774
4064
6319
518
2850
9404
3353
9155
3192
954
2412
5512
8235
8763
289
7956
6162
5580
773
5928
5408
5173
5497
927
3222
963
4278
1806
3305
3828
1188
5261
6471
6182
422
9655
5204
137
1982
6377
9223
5135
5654
7146
9660
164
9282
8439
1047
8080
3212
4152
8533
7923
8743
8965
204
9541
4764
3007
7448
4458
1029
8026
3906
4656
7893
3126
9005
9727
1995
4071
4797
2924
1349
9900
9289
898
7835
8421
2641
4559
2082
1078
7604
7621
9430
2470
8909
6621
7283
9338
2257
7511
1651
7526
8393
2783
2484
6706
5695
6776
3329
9115
5574
8757
9950
2014
1184
1042
3889
4953
6843
9306
6771
3695
1368
633
1419
9921
3609
3512
6193
2201
6567
5097
85
1271
3223
6217
2286
8108
7523
9434
5600
2483
5275
8638
1946
9831
2210
783
2922
6694
8167
1911
426
968
6432
3998
9874
7602
2
9990
4353
1351
3551
3148
6894
947
7020
4801
9136
2727
314
2467
5349
858
4532
5152
2812
1680
300
7497
5661
6213
2687
9110
6201
48
8087
572
1062
8636
9522
5469
3672
6578
1629
8207
463
4684
6455
2178
9894
8663
8446
6106
225
7303
5960
2872
4693
2888
61
8463
3665
1091
3705
9480
7751
5773
5101
681
3019
9581
8453
8607
2637
8039
7024
7111
5921
4173
6108
5482
9065
5650
7910
2335
9053
5869
7983
2535
7874
8745
3814
1020
1721
2477
9401
271
4537
6585
5103
3773
5304
3375
4517
1985
4670
2133
7042
2283
6763
7028
561
2332
1201
9994
6945
3757
5757
819
7718
8079
4993
7635
4608
5404
7036
1931
3092
7730
1498
7666
1939
9377
5570
7973
2736
1442
2215
6879
4495
3047
3421
8217
839
2799
6558
2974
63
9142
2652
4129
3330
3413
569
8985
8211
8288
9310
6403
2854
4733
6158
6414
1609
8674
3051
4832
7629
3250
2895
3386
4446
1447
4182
79
397
799
1149
3645
6372
1921
2048
7185
6610
8151
8780
2135
2690
6447
9571
2138
3620
5319
7265
7293
3301
838
8155
4958
2070
8665
6640
7499
1113
6614
5209
3831
1059
7411
5430
5301
4103
7278
2721
7776
6685
351
4661
3432
513
4320
7279
6996
909
8081
9683
808
2887
273
5407
6711
1246
7106
3227
4858
4826
9106
3627
4867
5823
8181
5228
1658
7368
3979
5118
3738
6241
4981
4299
217
7677
7160
9141
4247
2885
2646
9832
7507
3064
2280
4762
8709
6781
361
6094
5943
2469
2355
7786
3789
6698
6227
3960
3825
8346
2444
8169
1376
3378
3951
6973
3180
6906
5716
7076
1436
6197
809
6328
556
7123
4580
470
45
9511
1353
5662
7795
5573
3633
3661
3962
2865
6734
8005
8539
9355
8685
8934
1098
6416
5935
1758
5036
2656
2416
1936
2118
2360
286
7622
3477
6087
7358
7785
8958
8050
4575
4468
2548
1796
7022
8330
4102
9805
51
8538
751
8340
3141
9286
8445
2528
40
3986
4312
1615
6144
587
4467
6522
8222
1277
8935
328
7395
2080
4876
2574
3720
7687
546
970
3527
3595
2476
2357
4742
4264
7225
4704
9751
6506
4840
1226
2949
7685
6836
9440
8900
8777
5046
5048
8255
8467
2618
7552
7337
9698
2392
580
8713
8759
9345
7758
5760
7615
354
7268
3781
4019
309
6625
7734
7206
6834
4241
6215
3611
8761
4041
7676
8016
7034
4150
2271
7967
1426
6047
5999
4300
4750
3836
7696
3891
3862
5294
7744
1472
7693
976
4646
9802
5648
1334
7633
5987
7833
2556
6715
7978
2402
2007
5168
6726
4979
8957
8858
5629
4248
6348
5151
9756
2698
6141
3400
4427
3715
5330
1405
8182
8599
9919
1590
2777
5081
8874
4330
4899
6588
1316
7911
7138
1495
5637
4526
9405
7350
8163
1593
5677
4732
4538
6593
6131
2523
8838
5840
6441
737
6053
8673
4297
8818
7248
7870
7556
9449
713
7390
6692
8209
2580
2195
2404
1709
1870
7413
2794
3750
9647
4841
4197
1160
7863
7071
9271
3081
9507
7553
7674
3783
3971
5360
9755
2205
1706
7228
4001
2500
1001
5382
834
7007
9954
8250
757
2170
2076
9963
2275
3649
396
5504
6823
5045
7320
9866
3056
2459
3018
6445
5068
5604
6076
4744
5281
984
4407
7549
1337
2293
3029
6994
171
4066
4601
3887
2718
1099
3779
7410
8829
4950
1360
4895
3816
6950
2538
3146
285
6541
4508
9325
9203
6672
3479
5724
6183
8126
1801
2481
3291
7524
4754
4227
407
2269
8003
312
6052
5754
4782
6825
5568
2304
1992
6620
38
8614
8966
9226
6919
8253
4060
755
3604
4298
6174
2090
8556
7420
2164
3855
9081
3910
5335
5091
6159
9258
8705
9524
1769
131
3795
6099
2359
2077
1038
4039
9114
2800
8355
5967
155
9069
4134
5264
8332
3173
9816
5691
5931
95
4970
5356
73
9445
3419
6670
6903
2693
6554
6691
6095
5587
9500
4503
4200
4028
5411
221
8613
8927
831
3247
1702
4127
1017
2781
7197
646
7781
9926
8834
4155
3276
7484
933
4463
8354
3704
1068
43
9996
1772
735
2844
8820
347
5789
6709
2886
8065
6707
7933
5181
5746
8701
8115
8007
331
3638
4706
1423
2758
7471
479
5222
6289
9296
1182
5984
8930
211
7791
5518
7296
1009
8017
8912
2083
8389
181
9512
9597
3721
9118
3074
5765
6294
7201
7583
5627
6898
5153
828
1416
1300
6009
5060
7543
5705
1828
8768
2036
987
2403
8466
4861
4805
7605
883
6689
3646
7895
2352
8030
9846
2258
6803
4177
4430
5888
5917
6079
7521
3340
6543
9929
3603
460
5818
6365
7817
585
4961
2297
8819
56
9326
8042
6461
3973
3940
4620
149
1198
5465
8369
613
9237
4327
4240
5635
1858
4031
7080
5513
3252
5193
8186
1738
5241
5541
7753
180
3467
5591
6364
8498
3015
5441
7960
5766
6391
5035
5586
6298
7898
2268
4086
4729
3594
6548
7891
7196
5082
1481
69
4459
3446
9185
7402
7550
4870
433
3662
4977
623
2305
5792
8772
962
8952
6675
5940
6073
3209
1406
9789
6132
2624
9788
8975
277
9014
8312
27
78
6796
5720
3990
4348
6747
6753
8469
9565
6789
2419
1284
3360
4380
788
2315
5487
5605
2239
2051
6025
4687
3428
874
7976
591
6203
7600
1412
5495
4287
9946
4618
1614
6637
8031
231
2967
8334
2259
3844
1556
1270
1377
4234
1468
9752
7318
6286
6653
4478
1999
2838
5236
9697
5775
2249
2638
9013
7631
4737
7132
2125
6759
699
2493
615
8843
1568
1533
7658
6006
274
6206
5276
8518
3559
9028
9724
6953
4947
9753
6751
1600
9436
1765
8509
8695
7404
9431
4203
7775
9293
3165
4695
6042
564
4079
3185
7947
8485
4387
5328
5500
9251
3621
9215
5747
8501
1460
8907
8964
7955
7750
4666
8662
5420
2753
8036
6780
1759
7708
4652
4556
5200
875
8611
6359
195
9510
8119
4960
491
419
1778
6587
711
928
3702
5425
3693
7313
4862
1761
4761
560
6442
3684
4728
786
9817
7056
6596
9845
673
1451
7921
349
9082
5377
9260
1372
5489
5563
2282
996
7284
6111
5803
9933
3597
9583
1791
4639
6383
6802
3966
9022
120
1700
2701
3013
6040
2393
8637
6299
4085
1249
2390
6583
6098
3701
2110
8729
2318
143
2140
103
1574
8364
5509
6452
6116
9977
287
5842
128
9103
2238
5934
9287
5988
5879
9657
923
6307
3623
2150
5868
475
721
949
5256
1371
8704
1906
5214
930
2533
5599
3950
5280
492
5892
6138
505
1782
2853
3791
581
3394
6287
9179
4564
4636
7496
8977
567
9193
4659
8524
2270
7169
3916
5822
4587
8277
2713
4792
7946
8192
9181
5655
2699
6525
3351
649
7122
9617
671
6679
5459
330
3408
5501
1675
9904
7970
4974
8886
7397
6737
6971
4130
5419
3437
2378
132
83
1647
8968
9960
1892
7364
2501
113
9535
7768
8335
9376
7645
1980
2368
2583
7260
24
4778
2338
1362
2643
1255
31
9402
202
3014
6538
5123
762
536
9568
3919
4843
4690
9893
842
409
9235
9201
7015
4938
600
5201
4366
7352
9379
8543
108
6490
3476
8678
7017
2370
848
663
665
9927
7109
1952
6381
3232
2884
6250
8682
5443
850
739
227
3770
9967
7842
1386
3706
1132
7475
3161
8853
5506
2735
9664
1557
1733
1570
3138
5922
478
8028
7192
2429
1665
7097
2262
2961
1583
9130
2881
5713
5023
445
7444
9347
6515
7407
3011
4432
5043
3959
6493
764
6152
9443
3201
3930
6505
3542
1023
5849
3635
2339
2383
6466
7066
5490
5745
3171
701
6552
4524
1288
4334
4789
2454
4444
1490
8947
4669
8660
8194
8252
2531
9307
9889
1501
9227
53
7945
4917
5727
3272
6438
4674
895
3521
706
2162
7214
5632
8285
6185
4048
121
9711
2502
6157
7844
1667
1417
1561
385
1917
9231
3039
9499
8064
7790
1136
6987
344
3530
9002
7984
6249
3112
498
3610
7221
8990
9472
7436
3365
7347
3183
8147
9932
2126
4111
659
8573
6547
9620
551
4084
8074
6333
6109
2629
5625
8403
636
5272
7408
4955
2060
356
2207
3496
655
5966
6956
6562
3709
74
4251
6659
8672
7466
2737
9739
8867
771
3290
2279
9887
9415
916
8651
571
6623
4021
8913
2161
5296
2212
4365
9458
1010
6878
787
9518
8668
4668
2241
2762
2277
2703
6756
3004
3600
1756
4105
784
9750
1341
4171
539
8596
6969
9279
7738
3922
255
250
6439
2096
4561
1329
1830
9340
8764
6465
3586
7578
7691
191
6652
9074
290
6864
3897
7212
5846
4697
7208
1677
2067
9400
7794
3489
9729
8586
3205
6601
5002
320
7108
2648
5206
1856
7227
6992
1483
926
5617
815
3063
1093
3481
8548
1842
8650
1114
4906
4255
1757
196
8184
8739
1750
4143
2527
66
8197
9343
4139
2104
3284
6840
2507
6421
7664
5638
4815
7782
5621
8688
3469
3896
7033
1855
6373
3079
413
9225
3500
6404
9486
1731
1820
5001
2089
8902
5402
6129
4058
1838
5205
1169
9825
8067
393
1254
26
6335
3893
3393
8869
7802
9627
6392
3524
7743
76
6454
9868
5100
810
807
9095
1703
2353
6071
4853
8534
4331
8041
6922
6278
7719
7001
718
6310
8789
4945
8973
7903
4799
3567
4954
7441
7458
7356
2976
532
3345
7909
6210
4322
5619
1663
6083
3716
9813
3827
4261
5776
1623
2167
734
3984
7920
9367
8619
4949
431
1159
5524
8215
3848
9621
3583
6814
3097
6701
4967
7079
3864
2510
7966
631
1996
7588
5056
6
8137
8880
5567
1567
9291
8427
8737
5597
364
2356
7716
5969
8568
8814
4403
6475
4337
3162
7640
3303
3547
5061
4603
6428
9127
98
5075
2078
1831
1575
2593
1318
3174
6091
936
958
1022
720
7244
1429
8529
3560
437
3264
1639
4834
4745
8577
3359
7437
3742
8564
5780
4091
5376
2862
4638
2300
9322
9552
8615
4296
8052
7136
5689
2768
9506
9605
5737
7037
5861
4928
4358
7490
6846
2964
1322
3215
5613
715
956
753
2558
5065
4878
2420
8840
3123
3562
5252
3487
3486
9498
859
8555
9983
501
5927
8208
9607
3953
1698
5210
8542
896
7963
5303
961
5333
1479
5555
2571
704
6068
8941
9423
9409
1539
6085
3109
543
1555
5124
2492
4909
608
6037
3631
2061
5215
5270
3423
2981
7807
7048
5306
5786
23
2908
2015
3843
5211
7314
9199
1790
8587
9648
1701
9117
2199
2442
2694
2042
6484
156
1881
5115
6313
8746
9615
7922
2227
68
7914
6303
5894
4545
6611
4842
1749
4211
6163
7769
6820
3100
7189
4268
1686
741
4396
1598
6926
7011
3349
7172
6323
7801
5602
693
1903
1813
9633
1681
5444
8623
6716
2605
5243
7151
5227
7335
7975
1397
5389
3775
1912
7419
917
7826
9701
1404
6626
295
4507
6221
761
8812
8331
1209
5652
8865
3042
7057
7334
1851
3207
2333
6327
6254
7815
193
4873
3036
7443
910
3288
9060
5549
5117
2683
5951
4089
5742
6838
6891
5472
5224
8578
849
3640
480
7577
8366
2767
6050
5882
7804
7762
5327
2717
3397
4952
2347
777
1848
1788
4804
1694
9320
7449
6043
3059
5694
2158
4225
742
1544
5970
7379
6418
4734
8166
9045
9244
1884
6861
4250
9609
3367
8490
9538
5186
9639
1308
6739
7043
8202
8384
2912
5811
5324
4349
8901
8731
6186
6779
8121
6885
9120
8620
8149
6236
7426
9760
8477
2542
6084
4504
6154
1835
1508
3925
5462
2741
9454
5777
4765
3533
8448
1492
2184
5673
2306
3095
9945
7370
8131
624
5217
2009
2744
6218
4644
5977
500
4491
9422
680
9385
7940
2836
5144
4256
7085
6896
1275
8422
5315
4830
6728
260
2253
1783
6164
1233
8581
6617
6812
6422
8844
8943
1564
5427
3076
4616
8774
7861
6415
1350
6056
8105
4228
1383
9027
8045
9944
3122
9988
3405
1744
1804
8510
5156
8069
4308
5455
8139
2422
281
2973
9546
2970
6613
6865
1041
4613
796
8944
2988
3333
8938
4787
2411
29
9696
6393
301
8803
2789
8319
4425
8078
2611
9281
1551
49
6090
7302
4936
7222
3958
4986
1445
9259
8720
2832
9686
183
1500
9891
5865
7236
1403
1064
8413
9222
9100
9595
1177
1143
1422
6920
7763
4982
9754
6577
6584
3312
2568
1060
6049
8283
3654
1307
453
5743
7485
6677
5242
5933
1951
5728
8365
7179
9086
2291
643
9335
634
461
5804
7630
4959
8038
107
9530
9278
6446
6528
117
8278
4217
9937
7083
4382
4126
5631
4063
3448
9290
7675
4466
9
2544
4992
6858
4528
7170
3327
9266
9178
5711
1080
5634
5723
4988
7536
4881
332
2260
4360
115
833
7385
7961
8785
3410
9959
6192
588
5678
6044
1039
3941
219
9352
7351
1867
508
1083
9126
8189
4163
1323
3332
9025
5293
5176
1502
9982
2633
9313
4846
339
1008
4759
1645
2945
525
5893
5979
7525
845
1279
7650
8519
8493
812
847
2977
3099
62
6524
9429
4525
7828
4584
6566
9249
1420
5952
6260
1454
7568
3622
8512
1711
9464
5240
627
9839
471
6464
3591
4882
3300
9497
5908
1328
1141
1079
1689
2729
5170
5877
7481
3834
4224
6794
4753
7939
4282
4377
781
5439
7971
955
410
5925
7709
6321
4716
6017
9036
9604
9297
2462
7847
1994
7613
1140
6964
9993
3531
5435
991
620
9710
355
9873
8282
8730
6427
3800
3323
284
5697
5812
9590
8736
8566
7993
8402
2302
1401
1245
9275
5669
8963
2539
3066
7282
9455
9004
9168
5972
1432
750
8724
512
6639
1175
736
1971
3614
6394
5850
5664
3744
4044
7131
8373
6963
719
141
547
2010
8773
6723
3777
1521
5767
6914
1815
4069
3890
9611
2877
3564
8212
86
5052
6719
6603
7478
2100
1877
3806
1211
951
9135
816
6293
3217
4302
2136
8157
7018
7098
5675
4293
8974
9460
5714
9236
8712
7290
6133
5146
4013
5657
801
9200
621
5066
637
3981
4107
9793
9465
5424
3355
3206
3634
1618
5288
3269
9613
373
5584
2599
7771
2620
772
4260
7126
1475
6966
7783
6211
5399
902
3136
3728
9149
5481
3186
4923
8762
1063
1513
7989
3324
8547
4651
6424
5801
6064
3996
876
4825
1648
4829
3581
6897
5390
3974
7830
6235
3624
520
6760
2244
2101
3710
2993
9158
6844
894
7690
8273
3096
7384
9682
8841
3202
3599
408
8241
7560
1067
4703
7529
9934
7323
5022
6384
4602
5510
438
1313
8656
1180
4885
8134
8691
8817
4857
9861
499
5175
3389
2264
1976
1045
124
1596
9871
1285
9876
1477
8711
7344
2328
8193
7291
9452
7809
2935
9779
8229
6738
4379
884
8187
3681
2417
2688
8921
893
8686
8247
2946
7905
782
6905
4137
8505
9766
9212
6380
7383
3788
8133
2216
484
7846
4275
5129
5492
8722
4611
3920
4486
1239
366
8690
644
4856
1121
9501
8286
4335
3169
9264
5658
3117
1611
9973
5187
2543
306
1112
1785
9057
32
1745
4558
375
6149
8770
7958
5340
3156
9119
4657
2714
3071
5844
3767
5665
8168
9459
1861
9542
6845
2589
6237
7392
7907
2044
5511
4310
5566
3808
2021
8344
5423
3497
9412
2189
2006
8950
5199
9234
4694
96
8066
9649
7311
7669
4818
7761
1712
2955
5446
468
6450
1604
5978
5975
8287
6743
1920
9363
4696
6847
7774
2093
6031
4852
7689
9622
2879
530
9951
5126
7557
7469
8897
7450
6291
7032
3514
9761
5116
5579
6041
188
4562
9453
2878
8835
3319
1965
4813
2432
8412
3858
1418
1725
6892
8545
5305
9877
5862
6650
1433
6315
9441
5607
9371
3942
3898
321
7713
4572
6232
3465
9598
8377
1819
3024
2152
1006
9675
1907
9631
1737
8667
8848
9194
326
9328
5889
5592
1845
4078
4106
1530
6382
1635
6923
5997
9152
7422
548
7616
1358
8692
1798
3498
3626
4718
439
3883
7380
9364
9305
9267
744
1273
4604
7241
7501
1826
6880
9859
4394
2979
8694
3598
6498
2678
6841
7937
8559
1588
5014
3396
3347
8885
4221
3761
4912
6178
4534
6023
990
8795
8605
2837
2911
790
8707
672
8832
2191
4346
9157
8158
1983
6022
299
5560
3954
6134
9085
2139
738
5824
698
5769
6654
8710
5729
6544
2892
1380
6119
7812
1827
836
6200
9188
1926
6748
8103
3163
5381
4910
8268
601
3027
749
8837
9018
7800
5059
9835
4679
3211
9531
1223
5902
3188
7688
8508
8336
2465
64
22
1824
7016
1943
3429
3764
4272
1324
8206
6020
8257
3304
9084
6012
9829
7544
6622
3296
112
6363
252
4083
8570
3714
6724
669
6474
6573
9088
2149
1228
9262
8411
421
1660
526
3090
6322
6795
9692
2980
8936
100
908
3368
6807
550
1264
5537
2807
9070
5932
4999
6103
3020
8101
7595
2497
7599
2817
3334
5169
8484
2749
4406
6928
2377
6266
8831
6835
5741
4222
1253
292
387
368
1514
4698
1518
4244
8918
9209
447
5770
1957
638
3580
7451
2052
7627
528
9125
1309
2778
9526
4541
1311
8794
5572
2723
1157
1676
3191
5449
9740
2960
3352
6212
4653
2968
6460
8920
7211
8395
4583
5011
639
8048
8999
9747
3558
3977
2747
5477
3723
1126
8809
6682
8088
198
5225
81
9456
6122
3197
4588
4179
6769
5063
6641
5838
2917
4553
1622
7482
7681
238
7653
8727
7403
7881
8271
1230
2709
2907
3184
4392
9822
4355
4391
8624
7234
5798
4914
8896
6371
6374
4590
7619
7706
9949
4897
94
7698
1637
1007
7663
8314
1356
5026
9525
999
552
6127
7742
6479
4036
4426
2628
1065
9505
5547
1374
2899
576
239
8062
5331
3698
765
3553
7609
5074
1690
5784
2521
8631
2982
9938
6318
4527
3574
9763
806
5479
7075
9837
3853
9163
4806
3664
5453
5231
5167
2092
4722
4374
1987
702
824
5057
7
9666
3075
3772
3255
1367
8112
7760
4398
9566
3619
2833
1585
4436
6280
5260
6975
595
5831
4038
7429
4685
8861
2525
4724
4996
9777
3735
3492
9438
2649
134
9342
3771
2746
1977
9713
9354
9232
3240
9785
9324
6443
5198
3522
5016
5473
944
2128
6627
3283
4487
5759
6398
5047
5019
4124
7046
5680
8096
2526
30
2084
7959
9700
758
6991
1046
8680
9161
1087
2975
2963
3430
3457
5150
5172
9942
9644
6839
2192
8802
7899
6918
4464
1101
1961
8592
8371
5569
4309
7868
3760
7628
4443
5813
3724
416
6252
5817
4007
9353
7661
1089
6238
4574
8305
9294
7936
679
826
3682
5762
3130
8076
2295
1776
9515
2710
8159
6955
8240
3932
7014
4046
6253
8418
2163
2658
7541
2433
9867
1586
3823
4226
1779
5860
8491
8576
6539
5262
6579
9375
1569
5810
7412
5432
3031
8246
8089
9390
9520
7824
1036
7991
8554
8537
8504
8164
9764
220
3571
2668
7733
6810
4378
1057
237
4673
4441
8143
5361
8536
2826
2068
5853
2103
6258
140
8700
8899
4683
1984
3696
2288
2234
2384
9473
6725
648
2914
4336
9561
8503
7145
1103
89
5184
8315
4539
2079
3908
8114
7324
1014
5725
4896
1932
2660
8986
7167
1011
8810
3149
1394
380
1398
4943
541
3630
6832
877
6336
9674
8752
3899
8055
497
6628
58
7651
4493
3865
7428
2319
2134
7952
8991
3425
3078
3336
3101
1659
1710
1805
865
6970
8299
7726
5903
41
7982
5354
7319
2144
8161
1656
559
7049
9658
8507
9442
4976
469
7245
8742
2514
3727
2023
8351
6532
8084
367
2325
5267
2018
9908
8826
1122
918
8468
935
7055
9143
2387
1032
6300
9909
1024
5814
9489
8205
1291
9146
8657
8489
1552
5802
4650
5643
4108
2797
5358
8714
3061
2985
1048
6420
7953
1662
1899
2475
5202
7623
4307
7177
7165
986
2237
9978
8249
5685
9023
5699
7601
3167
3786
6389
6411
4176
7642
5904
9857
4065
6518
4112
450
6198
7547
8261
1395
6634
404
5028
3439
3285
1872
5530
3235
4279
8012
1573
7114
6859
9254
2585
7252
7866
9637
823
2121
3653
4814
641
6096
2559
8647
1016
6021
4809
2909
466
305
9317
1227
6702
6276
8020
4946
3155
6899
7711
1944
5292
8033
8394
8649
7175
6355
420
1540
4165
8632
1655
3236
3778
8750
6369
3328
4097
1070
7038
8227
467
7310
4067
2255
5370
2764
6451
4343
746
9058
7061
5140
6927
2840
2801
1947
6088
4796
8557
5622
9930
9351
2933
1494
7068
5858
6065
9592
6939
36
5447
2622
3972
4629
2653
9827
8326
3683
2388
2906
4164
5229
3452
4215
9365
8748
8266
7143
7729
8959
1509
2680
8873
1499
4925
9844
3060
1692
3455
2623
730
2788
2938
4948
9976
8434
3220
2179
4998
2386
3536
7204
5806
3769
766
9899
7253
1871
6160
6449
7657
6136
9880
4579
5820
319
8095
4245
3203
4154
5295
2106
5373
3648
9105
7427
8521
5859
6311
8793
9913
2632
8784
7254
4542
934
1866
6855
9838
9818
3516
5781
8821
8778
8156
7069
3134
2225
2896
523
6985
3663
8324
8010
4686
2942
1154
8295
9665
9616
6488
2674
244
1480
8124
6848
2882
7592
8506
2108
8500
4904
9870
336
1414
9387
9391
9150
9333
2910
3573
6325
495
218
7300
2298
6267
8799
6721
2567
8040
91
5285
7124
3037
1240
1375
317
2697
2959
4400
9101
5316
778
7229
1449
7159
7343
3643
3851
5271
7756
8275
2860
52
3815
9020
712
5608
9492
4068
8584
9502
5753
7518
6937
6568
573
4930
2830
5142
9961
21
6826
1250
2772
1781
5433
9479
6699
8871
5913
3253
6171
6332
4005
6120
6139
844
3133
563
4469
6981
7787
6024
1860
1885
9957
4635
9213
3466
3157
1220
7432
6007
9033
1094
1942
5397
8859
7857
8027
1115
5291
6983
9704
5744
8385
2560
1326
2252
3995
1357
9653
3030
7154
3044
7435
307
9830
