2950
2513
2056
703
250
2177
2824
1892
2223
248
184
741
611
2021
640
2291
774
423
2697
2008
2685
2292
2968
2979
2730
632
598
1458
1132
1663
2666
726
21
2576
2704
919
1530
1675
373
2947
797
2614
164
1012
1210
475
2417
1994
2803
3
1193
2072
2384
2111
374
2859
1703
1672
2536
249
1459
1767
317
2320
1913
188
471
1497
2229
966
1128
2050
2710
484
1248
890
2875
1571
2937
870
693
2830
1214
2996
2040
1403
528
457
1082
1338
1217
1364
2784
2510
1778
775
1832
1354
194
1203
1310
1904
505
108
258
1179
2195
2011
1824
1720
635
682
1134
213
2555
2763
2065
300
1233
2444
1752
2585
159
2371
2618
1143
2315
1411
47
2800
410
1312
2981
731
537
823
1246
359
1566
2901
447
127
191
711
2285
1539
2975
1066
1103
2395
981
617
651
661
2557
511
1724
2786
754
649
2819
1433
1060
520
2070
628
2255
2509
1083
305
406
1845
995
2428
160
1295
2013
2587
2967
283
762
2886
1700
134
1123
974
767
2265
1065
1048
1578
1118
2935
190
1
2076
367
2521
2171
2916
898
1068
884
2071
2531
2480
104
2899
979
2751
2005
1125
1247
549
758
5
2622
904
1369
2243
1096
1057
714
943
2451
495
319
2405
1818
1241
781
422
1515
2918
786
335
1229
1021
1160
2640
899
2892
311
2496
1900
596
2441
2194
2054
2667
622
2646
977
302
2484
2010
792
1250
52
2092
1416
2765
1834
2235
616
1076
1254
2911
1230
144
2086
2017
1525
1835
1692
1114
590
740
2682
860
361
1450
315
613
2560
539
2445
627
2980
141
1264
2060
2300
532
1373
1309
2028
2973
1330
1356
2039
773
991
887
2077
2457
1564
1916
2813
2369
1768
1396
580
2757
756
43
36
2604
1446
961
147
842
200
1272
2404
744
1802
1523
229
2349
2954
1561
1274
1480
2906
297
2795
2735
2567
1630
1548
633
507
2995
2746
1853
2709
1697
474
2993
440
1070
1998
733
559
1656
2681
246
2785
438
2569
1540
2125
262
710
2137
2063
952
452
918
2321
357
2518
761
2626
1043
1393
1750
1444
809
1960
2343
1522
2004
1150
1476
221
768
1234
2379
1615
1645
815
1087
363
1213
2672
152
1349
2414
2066
2711
858
139
2897
1774
2915
555
2144
1636
2216
446
2940
2438
1331
2664
1259
2841
1981
1266
515
1431
2572
2423
2009
1974
942
1839
347
1893
2448
1072
1262
2776
489
1339
2684
128
1041
1036
504
1122
2465
50
2245
2971
871
1792
777
2807
1189
377
189
1181
1524
1457
812
2674
1468
1940
267
1504
600
395
2535
124
1596
2867
2156
2957
2540
2511
1780
67
903
1079
1137
2317
560
2411
2931
2277
1027
2691
503
970
2351
2287
1781
1106
2206
1611
745
1294
1424
336
314
1694
958
713
132
932
666
2741
2324
1308
1124
2314
1378
2105
550
71
1919
1420
1897
1963
1579
2775
2061
2140
2566
1316
2083
324
1865
439
562
429
498
698
1421
2959
1184
1924
586
929
2192
1314
9
673
1489
114
1121
975
1215
2049
2468
2722
142
2116
90
2624
2093
2565
1652
1856
2482
941
1208
905
1107
897
882
1220
793
2708
945
1052
11
2109
2041
58
2345
1317
2759
1102
1499
558
17
295
971
2254
1067
2307
2796
433
1460
1139
610
2872
727
2858
1113
106
2495
2431
1631
1923
405
2135
1829
597
1609
2512
351
2155
1293
2728
2914
186
1650
2452
1402
329
708
2524
574
349
906
1549
379
365
2571
2593
274
2887
2059
2416
180
2782
448
911
2676
284
1857
630
2127
763
544
609
2550
2811
2559
101
1509
2282
1462
1826
2311
2552
472
1947
74
413
1023
2425
2903
31
256
659
2594
1757
902
2519
848
817
1878
2027
125
2895
2389
2096
2430
269
1764
2462
2274
2712
303
892
1710
935
1570
2007
1552
2237
572
808
1130
45
376
2733
2421
54
2233
1731
318
217
2969
268
1687
2680
2651
130
801
2927
2949
1078
1398
1840
1616
636
2225
1891
2595
1268
2526
769
1009
380
1305
2869
2436
2388
2406
1487
1584
1006
161
2699
77
518
2357
751
1873
1855
880
1758
137
685
641
426
2564
660
1877
2275
647
1741
654
957
1253
1667
2748
1945
1789
342
1313
1728
690
681
2283
664
2493
1753
69
794
2972
2138
2470
2580
1332
1562
2654
2473
1025
2154
1987
1671
2214
926
581
2838
292
1345
851
1477
1500
1534
386
1323
337
492
2230
1927
232
92
2045
2923
1574
1461
565
414
309
1933
454
1265
2087
1785
478
753
2856
2596
27
1759
501
2158
1619
389
2165
675
1550
1874
2297
2905
2175
946
364
65
37
1034
253
2542
2078
2917
2986
289
1483
1256
1328
1454
1644
639
782
1621
2864
965
866
1804
1514
1173
1852
997
771
2025
1648
2694
772
554
1441
916
2326
59
810
2952
2705
778
604
1324
1634
301
1401
465
1030
1414
171
393
1384
102
1258
2847
2209
64
869
370
442
1706
420
1202
247
1002
23
1120
1100
2816
687
291
68
140
2023
864
601
2104
2574
1820
1769
752
1580
1690
151
2012
1983
927
2100
2703
2051
2861
2734
722
2185
1263
103
789
954
2420
1456
2928
1342
955
743
1362
1412
626
1239
1300
1801
2845
1905
467
2999
2396
2835
1089
38
1521
437
207
699
1810
1343
2186
281
873
2616
2218
354
1397
234
2433
1252
2812
208
1501
473
1175
476
216
1943
2067
2501
235
2817
1639
2352
2261
2573
1800
2606
116
122
755
1984
1301
2488
1699
791
2876
2440
999
2608
1425
378
2313
2506
1347
2173
1473
912
383
2855
516
2442
1666
30
1921
1192
917
162
2372
2168
937
502
704
1031
881
2650
1542
624
2187
1451
75
2677
296
2342
1538
453
2586
836
1952
1430
1573
724
1680
2497
1704
1695
1914
893
725
2376
1190
100
2943
819
972
1336
2639
1319
138
1090
2263
1817
325
599
2808
2628
93
2955
2373
1326
2394
983
2603
1388
2128
1207
1464
2139
2284
2151
2791
1669
1932
571
1149
1586
2589
1766
923
1795
547
728
895
1370
2095
2460
265
2502
2046
1604
2839
2424
2244
107
1379
2152
1222
1729
1606
2286
2196
1603
157
1498
2033
2661
2082
1161
2015
1463
592
81
29
481
2549
16
1394
2202
293
1909
1977
1879
1385
1494
1240
2787
1811
2107
181
236
734
1714
2517
578
2180
1871
2386
486
2558
1101
1618
2868
2459
844
1980
183
2568
2978
816
2933
1844
366
1956
1131
1141
831
1327
2377
105
2698
2103
2344
1287
847
623
1581
1094
846
2647
2437
1146
1404
2167
2548
242
2551
2577
522
1390
86
1474
567
1862
701
2610
2762
1209
477
1610
2044
876
908
2485
1093
276
441
2962
2162
1271
1466
2829
2278
2989
1127
1560
1526
920
863
2341
2987
2354
1761
2805
1559
2852
1005
1999
1221
570
1938
170
2994
1880
2157
1081
449
618
1195
2747
1643
2992
802
2146
1042
2305
2673
2690
2239
2718
1722
2413
341
1784
968
1779
1990
2434
608
1171
2652
2479
543
1951
1902
2215
195
1601
285
2953
1651
568
2602
307
1283
360
425
1635
2432
1329
290
2323
2715
579
1679
2874
57
458
1351
804
2597
2150
2085
2744
89
2217
1702
1557
1344
1915
2723
2340
780
1167
1701
2453
1898
2609
2143
2745
1115
436
891
1119
358
228
2090
1814
1178
678
2879
2625
455
1261
2319
694
2982
1773
1721
1168
1551
1964
1157
2553
2873
1508
668
2182
2280
466
2491
327
260
1776
2256
2675
1010
1260
556
158
1953
428
2541
1861
402
2310
736
849
1475
1696
153
784
1105
1223
1623
2147
2520
400
2353
2904
1681
602
1013
2554
2678
1519
561
1117
2794
614
989
2842
403
907
1787
595
535
2450
350
967
391
2267
209
986
1975
1028
2534
1333
2200
2814
2988
2556
382
1257
1786
2198
575
1575
1092
1593
2014
97
811
266
855
1782
487
1022
212
854
1439
2833
2499
2500
820
1848
2977
634
251
1360
2494
2114
2788
205
1986
2084
493
26
686
764
2687
962
1211
1628
2240
1790
163
1289
930
322
2347
607
1170
1572
2508
1325
1637
1689
497
2212
963
2301
2976
872
1950
2880
333
1280
2064
1598
642
34
1585
2415
1452
2538
7
282
113
1298
2632
2532
1348
2653
2122
328
1657
1410
491
1337
625
2335
779
1545
24
2191
1925
948
2102
2695
2000
13
1380
1882
587
925
2134
1183
2997
2528
1169
1907
479
62
2584
1659
259
1443
2922
829
655
1185
1555
2825
2492
852
2149
2398
1001
146
2998
2631
2754
2766
2359
1419
837
924
2753
1050
308
2612
418
2890
238
878
2174
1432
1148
88
760
2409
672
1543
1554
1763
2530
1346
1970
2769
483
1488
650
536
460
1676
2463
2252
369
1513
110
2205
1748
2529
2894
279
2163
519
1806
1641
2121
2375
1291
2018
1658
430
435
1772
1588
960
1029
1008
2821
1678
931
1886
1533
2516
404
1020
2231
2407
541
1851
2837
656
2246
22
591
1770
1108
2110
684
1032
564
1154
821
706
41
2621
398
390
1612
1870
1968
2836
1674
1632
2902
1911
2503
2131
2688
1469
1939
1282
2312
14
2756
2665
1415
776
964
1426
720
553
2032
806
2900
1138
2068
326
2638
1725
998
1655
689
2227
2099
313
1391
2188
2601
2714
889
2543
1510
1201
2397
910
2778
1959
1708
459
2761
135
671
951
648
1436
261
2655
6
2242
434
735
1353
1756
593
2563
2662
73
355
940
677
2329
273
112
2318
2123
1744
2234
1617
2853
2181
832
665
1664
1985
2781
1730
993
1934
840
582
3000
2750
1901
2362
2161
408
1218
2419
2689
1670
1716
2257
79
1799
1015
2919
2309
321
187
709
973
1808
1238
2268
1762
243
2101
2193
2716
40
2339
2029
2037
2327
1908
2262
1017
950
2771
1876
1685
1979
230
2486
521
2481
287
1243
1104
156
1442
294
1368
1428
1224
2350
1737
202
2383
1536
1988
2136
827
1511
2729
25
2889
2190
2642
2630
1158
456
738
2773
1698
629
2713
1191
1926
2701
1292
835
1255
2525
637
2385
1626
2724
2878
1869
1989
2299
1592
1479
2169
2863
822
691
2537
1565
214
84
1872
2797
1583
1156
1278
211
121
2539
2515
557
2108
415
987
2700
2801
185
1197
2752
1198
2779
255
1465
1016
245
1816
2119
2926
1051
2739
746
1417
2514
2648
2219
2166
2749
2250
1044
2387
233
2334
1760
1281
145
72
2736
2074
2760
1537
2668
338
2
750
531
1711
432
605
2635
800
2732
980
1296
2615
1392
545
2946
2248
2458
2504
375
1290
1084
2592
1755
653
2726
2221
323
658
1727
1906
643
1707
2657
1859
131
1599
1807
796
225
669
1054
2770
2882
32
394
2002
1242
2533
143
399
2884
742
1288
1386
56
573
1866
1944
168
2658
719
1352
1864
2183
2806
1069
1546
1035
1747
1949
2522
1745
2057
372
1881
1718
2474
1688
2112
2881
1931
2288
2333
2089
576
894
2924
646
1930
2686
1828
2031
1527
2222
513
1429
1948
78
1842
2296
1532
1558
345
91
1382
1116
1395
451
845
577
585
2249
1890
803
1653
119
1544
2644
1633
2036
2717
2153
1200
1942
538
1074
2963
2073
619
663
2164
657
721
1875
2273
149
2170
1556
1912
922
1267
1821
1889
1896
1422
1771
2370
1693
1136
2269
1492
1563
2948
2877
1493
606
1602
2368
348
1064
1553
2358
1245
257
766
566
928
271
499
1969
352
1777
362
2888
2439
814
500
320
1992
552
2062
1589
263
534
2720
1186
527
2743
1739
1955
1273
123
798
2179
1472
1286
199
44
2898
1798
2211
2719
2607
1237
2641
2831
1151
98
2308
49
712
2429
2871
2295
1529
468
1884
1359
1321
2815
2118
1387
1406
1966
1366
1216
959
2844
1177
1270
2780
2883
1691
2220
857
1649
1448
1937
1805
944
843
385
2755
252
2854
2403
2270
2809
169
1129
2042
2599
588
1045
2649
1997
2478
707
2523
1660
53
2966
2336
2912
1803
1958
2120
226
984
2472
2172
2393
1794
2210
4
2633
2617
387
1482
644
1276
1188
2582
1836
900
240
2247
167
859
933
332
2866
2048
523
868
2392
2356
2338
2477
2910
530
2613
1007
2130
220
1085
1133
1895
239
2360
2896
1088
1516
1654
2412
450
589
1961
1535
2035
1437
1135
2302
2228
1567
2985
1322
19
174
2184
1982
384
1607
1813
1887
463
2363
2945
1734
1547
2498
667
203
1418
2611
1481
1793
749
280
343
299
976
1751
2984
1047
1809
2961
120
1991
63
2204
424
1847
716
1303
723
469
2583
1775
1726
1206
2623
1831
638
783
1111
1073
179
46
8
2294
1686
1996
542
2464
204
1843
1227
1399
2777
2990
264
729
563
982
2106
482
83
1587
2178
129
1668
2578
2740
2627
853
2226
850
1275
1251
2870
1471
2346
334
356
2391
182
1541
1849
2921
2003
2382
1742
2934
1597
2768
2259
1743
700
2081
2907
2201
1528
548
462
1620
2088
2848
2446
2355
1077
805
1204
2731
1176
1867
1162
2332
1978
1285
739
2908
2727
1163
674
1719
2846
412
2507
1608
443
2426
715
1594
2279
996
695
2826
1099
381
1796
1302
2055
2893
1232
2591
2022
938
1506
304
569
2079
909
2832
652
353
2374
2113
1512
1318
1954
346
2818
51
286
1735
2590
2790
1225
1846
2030
331
1661
867
1485
1377
1244
838
839
862
969
2669
2238
1358
2241
177
2909
1389
1372
2232
2024
219
18
2670
718
2860
496
1470
1568
198
517
2960
2447
1957
1888
2303
795
1754
2461
115
2721
524
1196
2527
1159
1447
1614
2378
978
1435
913
15
1967
2660
2913
66
1582
1640
2281
1993
2738
464
416
506
1038
1746
2476
2380
1624
2951
485
1455
2546
2505
288
2322
1765
1408
1484
427
1505
1837
1357
1205
2544
2400
886
1375
82
546
1595
2588
2330
2289
2080
2891
39
824
272
1355
1495
1929
934
879
494
2058
2490
397
2579
953
551
1341
1946
2696
33
488
2443
921
2936
401
431
2455
1371
1279
1409
1320
2547
2401
2471
2851
2629
2271
1000
1449
76
1677
70
2047
2052
874
1822
688
237
2115
1733
1400
826
612
813
1363
2575
1350
2365
222
1306
1903
2133
1935
2026
35
896
392
1061
2772
1736
2828
254
480
2938
2475
834
877
96
1219
1033
55
2683
2956
2160
2792
1315
1600
2991
1467
2124
2449
1059
1249
2276
2822
2236
270
1627
2418
1749
1491
1172
1917
193
856
670
2570
461
2941
2290
1304
1365
705
2213
1413
1682
2199
1973
2367
148
178
1374
1517
1361
2075
2679
2857
1995
231
310
875
2804
992
1003
1126
807
1383
218
1732
1299
2390
697
1665
1407
1894
1097
2983
1166
1147
2469
1039
1490
2337
1683
2298
1629
371
1972
80
525
227
2422
1920
2316
1922
206
2885
865
1071
1503
396
2126
2600
785
1024
2598
645
173
2581
1976
490
2789
1376
1918
1740
1063
787
2091
1053
1194
2129
1091
1715
28
988
10
828
2764
210
1423
1180
2942
2258
620
2758
1062
2361
1187
1638
799
2929
109
1095
2293
1941
340
1335
176
2348
825
2098
936
1440
1788
197
2197
1825
1174
94
1228
2053
603
215
150
790
2659
732
1797
2456
939
275
2798
1055
662
2637
95
883
1453
631
241
1673
417
696
1928
2920
2970
2142
2823
2272
2427
87
1182
244
702
2774
1307
2331
2737
1018
1212
172
2408
2454
2435
1405
306
1854
1381
445
2767
2019
126
621
1965
508
1145
111
330
2783
2467
676
2145
166
1226
224
759
2489
1646
1576
2561
1899
2399
679
915
2692
1112
1827
1235
1783
12
2620
1155
1819
1868
118
885
2562
339
61
1037
1723
192
1046
2820
1520
1086
2487
312
1142
444
2725
136
1791
1717
1518
1812
2038
985
1622
1049
770
1705
2304
1709
1334
788
1605
165
1830
2834
2006
2176
1019
1569
2634
1098
1080
1838
175
2306
1311
914
737
1662
1056
1885
2466
1284
2707
1277
2965
2932
2043
2939
2069
765
841
2671
1858
1165
1445
2189
730
1297
2702
409
2865
2207
411
196
419
2944
1075
2849
2159
692
133
2964
2643
2016
510
529
388
584
2094
2742
2958
956
1850
1625
2545
1434
1199
1110
2827
1712
1164
1109
2410
818
748
2364
1936
42
223
278
277
2636
2117
60
901
990
2260
2366
1367
2325
514
421
2402
2663
2132
1011
830
1236
2328
2203
1738
533
509
1040
2930
1531
201
2645
2850
2693
594
2001
1577
1910
2974
1340
2656
683
994
99
526
1863
2381
1231
1860
1815
117
1684
615
368
861
1144
298
1438
470
2034
20
2862
747
2224
2799
1004
1833
1502
1269
1841
888
2706
1427
1713
1590
2251
2097
1971
2605
2253
717
1026
2925
2840
2802
316
833
2843
1823
2793
1478
2020
2810
2483
949
155
85
1496
2141
540
1140
947
2208
1486
407
1647
1962
757
344
1507
1642
1591
2619
2266
1058
680
2264
1152
583
1613
48
512
154
2148
1153
1883
1014
