0.685527
0.786243
0.587670
0.910863
0.389307
0.829129
0.366693
0.213315
0.267548
0.540143
0.239285
0.815803
0.184555
0.524462
0.256069
0.104842
0.302799
0.225051
0.369758
0.778010
0.798097
0.416284
0.334018
0.146059
0.586242
0.992507
0.906910
0.224748
0.348629
0.804576
0.087059
0.034157
0.590818
0.674729
0.945020
0.980126
0.503858
0.311713
0.193440
0.771406
0.851856
0.432726
0.587209
0.036411
0.957188
0.843278
0.141253
0.259987
0.068329
0.511010
0.037997
0.866426
0.927294
0.372015
0.012485
0.513536
0.364522
0.919395
0.738285
0.713151
0.723971
0.825344
0.747308
0.314789
0.500073
0.692328
0.294915
0.003931
0.004041
0.488355
0.775337
0.855896
0.921081
0.362546
0.892307
0.878268
0.205824
0.033560
0.138255
0.274153
0.544570
0.176252
0.140579
0.471865
0.548267
0.153064
0.985401
0.912788
0.072459
0.723686
0.625939
0.796430
0.549030
0.373247
0.111219
0.049103
0.065575
0.406134
0.053033
0.069615
0.894489
0.828370
0.925512
0.815570
0.190916
0.817819
0.693838
0.396740
0.851379
0.832093
0.670894
0.395949
0.008345
0.811473
0.867814
0.556612
0.964537
0.853215
0.469400
0.036997
0.576901
0.095340
0.833427
0.125931
0.468587
0.944646
0.175034
0.534161
0.350779
0.228067
0.603777
0.245268
0.056437
0.529288
0.060838
0.247354
0.347107
0.754676
0.644094
0.198486
0.586769
0.314988
0.594436
0.595115
0.126461
0.462250
0.151727
0.090998
0.315465
0.621127
0.127995
0.892367
0.716467
0.961422
0.018298
0.185054
0.906067
0.193332
0.719215
0.256847
0.421399
0.322992
0.502115
0.477836
0.852280
0.562953
0.725190
0.199388
0.317629
0.369284
0.397874
0.904398
0.684272
0.992310
0.499512
0.810732
0.454559
0.651239
0.901730
0.770024
0.272366
0.029725
0.662391
0.988833
0.991147
0.680689
0.173887
0.897214
0.874021
0.893103
0.154061
0.295420
0.216095
0.656176
0.773256
0.068375
0.219129
0.498446
0.267762
0.536757
0.867730
0.665636
0.441155
0.552001
0.657946
0.940668
0.362734
0.112505
0.591907
0.264464
0.882530
0.864273
0.294189
0.544921
0.853107
0.285335
0.225610
0.026994
0.182549
0.099631
0.920097
0.336610
0.395050
0.136191
0.992786
0.168307
0.204566
0.211914
0.666753
0.472329
0.748672
0.534482
0.137965
0.189827
0.086484
0.795911
0.130494
0.449217
0.908416
0.722401
0.713681
0.790945
0.586674
0.007870
0.335866
0.439781
0.293205
0.561476
0.466775
0.475754
0.661106
0.386871
0.812364
0.056157
0.523063
0.805150
0.224463
0.727629
0.017064
0.891216
0.199957
0.765736
0.425698
0.337922
0.955563
0.512182
0.133833
0.086057
0.961399
0.042248
0.808458
0.675080
0.833194
0.395132
0.682950
0.169060
0.834913
0.976155
0.730536
0.301687
0.451910
0.391642
0.688558
0.264274
0.447799
0.211621
0.069424
0.672262
0.939250
0.086488
0.563478
0.139207
0.852224
0.989176
0.477129
0.807786
0.501358
0.610961
0.893843
0.462758
0.653210
0.702301
0.137838
0.486404
0.097433
0.820788
0.655464
0.932345
0.796944
0.385999
0.234033
0.248854
0.777642
0.922591
0.513128
0.225441
0.134212
0.582551
0.897703
0.073462
0.669039
0.461182
0.212668
0.521263
0.450358
0.689797
0.329050
0.951716
0.300759
0.222893
0.414474
0.953968
0.925194
0.552312
0.440372
0.022627
0.373100
0.095836
0.954972
0.170044
0.481835
0.189005
0.418898
0.259477
0.111596
0.932025
0.484918
0.245808
0.514577
0.382621
0.319270
0.183616
0.843802
0.531938
0.704879
0.294160
0.221735
0.033929
0.245877
0.522494
0.256822
0.660351
0.476462
0.182016
0.212662
0.916834
0.204643
0.585763
0.012670
0.159615
0.755807
0.494505
0.348620
0.174705
0.753982
0.460215
0.106730
0.238900
0.706023
0.621307
0.621521
0.025293
0.804923
0.465323
0.557231
0.509802
0.759484
0.778967
0.543731
0.005360
0.301461
0.800553
0.665711
0.777923
0.982569
0.878373
0.694757
0.187212
0.464136
0.707428
0.346827
0.219943
0.201933
0.695446
0.394647
0.955915
0.155662
0.501377
0.194815
0.861685
0.122684
0.816336
0.886978
0.927606
0.281659
0.444209
0.437408
0.041142
0.223176
0.981140
0.046503
0.524636
0.781693
0.712213
0.302559
0.764262
0.590586
0.997317
0.951474
0.054722
0.704744
0.298300
0.274665
0.906677
0.993746
0.669312
0.862592
0.149408
0.170690
0.057407
0.011093
0.293373
0.873742
0.898071
0.220979
0.155401
0.342281
0.658388
0.196543
0.565457
0.639527
0.243046
0.090093
0.421220
0.955259
0.392652
0.185482
0.545846
0.389969
0.136955
0.600568
0.094713
0.435256
0.875233
0.001390
0.429002
0.544546
0.863982
0.578410
0.715235
0.921389
0.589503
0.008608
0.795131
0.487575
0.229588
0.950532
0.829856
0.887975
0.147075
0.395312
0.527503
0.390121
0.485405
0.948723
0.345380
0.878058
0.134205
0.891225
0.268027
0.271160
0.491793
0.362740
0.706416
0.367027
0.364130
0.135418
0.911572
0.228113
0.713828
0.626807
0.149501
0.303331
0.635415
0.944632
0.790906
0.865003
0.895164
0.620761
0.752978
0.042239
0.016074
0.280481
0.432360
0.501479
0.229204
0.777740
0.379537
0.363409
0.668966
0.647564
0.634569
0.160759
0.010304
0.340984
0.527786
0.374434
0.476402
0.439358
0.602547
0.190230
0.066165
0.752048
0.493561
0.701580
0.696680
0.284467
0.566583
0.591845
0.905228
0.319561
0.634084
0.921302
0.600042
0.066444
0.422781
0.829246
0.844184
0.802318
0.192655
0.513150
0.449881
0.827224
0.673909
0.460185
0.168208
0.201695
0.834619
0.644610
0.641052
0.437166
0.834840
0.707217
0.189214
0.328401
0.408797
0.885894
0.612868
0.975380
0.477739
0.518097
0.294941
0.111823
0.439399
0.894983
0.178267
0.862180
0.724230
0.022451
0.664498
0.916885
0.535601
0.114379
0.744108
0.209510
0.574564
0.912317
0.411205
0.409183
0.556927
0.052257
0.846349
0.391767
0.759474
0.035562
0.720169
0.168271
0.921456
0.333037
0.143651
0.399195
0.851134
0.438591
0.511017
0.290533
0.333575
0.689284
0.152713
0.057804
0.711735
0.817210
0.974689
0.247336
0.931589
0.718797
0.456847
0.506153
0.631114
0.868051
0.915336
0.188041
0.920308
0.761685
0.579808
0.679782
0.797247
0.299977
0.848053
0.718704
0.633014
0.991704
0.117899
0.484148
0.430295
0.628916
0.774681
0.763870
0.318200
0.927394
0.821674
0.029935
0.744604
0.796362
0.277271
0.676194
0.515159
0.734118
0.182347
0.146273
0.602169
0.097683
0.334314
0.522478
0.859369
0.914121
0.202260
0.656616
0.214098
0.050313
0.375320
0.847112
0.042017
0.493218
0.331260
0.472312
0.122134
0.105941
0.236182
0.440334
0.033335
0.057856
0.470270
0.777939
0.854218
0.747541
0.454132
0.369378
0.481659
0.636479
0.515650
0.083828
0.734163
0.849964
0.606306
0.593531
0.764085
0.808566
0.250147
0.978184
0.858880
0.625467
0.825296
0.900897
0.118685
0.156556
0.373209
0.240820
0.262497
0.609391
0.681154
0.295831
0.667246
0.151424
0.073770
0.521465
0.898965
0.527902
0.890842
0.380624
0.164381
0.406493
0.464452
0.898544
0.256457
0.070759
0.492075
0.020542
0.879325
0.742222
0.998726
0.738205
0.367689
0.824021
0.639102
0.486375
0.980577
0.012311
0.727195
0.243074
0.621701
0.408349
0.538905
0.288948
0.559773
0.612675
0.810412
0.458738
0.140577
0.701255
0.839362
0.304958
0.107747
0.303814
0.203502
0.364204
0.374573
0.695577
0.384746
0.253898
0.437799
0.383471
0.992102
0.805489
0.207493
0.631204
0.291863
0.188070
0.643514
0.019058
0.431144
0.265216
0.427407
0.970049
0.554164
0.987180
0.582725
0.364576
0.445917
0.723302
0.065831
0.285279
0.028260
0.173578
0.589093
0.231762
0.537781
0.963665
0.927339
0.922527
0.217563
0.365139
0.305999
0.209665
0.170627
0.513491
0.840869
0.462491
0.701562
0.484384
0.481549
0.132706
0.749599
0.908956
0.102755
0.303763
0.896135
0.685480
0.668339
0.342053
0.408781
0.734169
0.627331
0.437041
0.907747
0.216424
0.668803
0.445529
0.180089
0.596143
0.368056
0.397652
0.961282
0.674054
0.607317
0.131909
0.187546
0.448186
0.594400
0.889107
0.932570
0.075949
0.021813
0.682169
0.984905
0.124568
0.985932
0.881040
0.810048
0.654271
0.223093
0.218829
0.388440
0.850424
0.655870
0.296188
0.066848
0.324674
0.741716
0.246937
0.920816
0.109772
0.644588
0.882098
0.783826
0.251905
0.014007
0.971372
0.700092
0.608407
0.860479
0.632661
0.684356
0.882292
0.314830
0.669261
0.006860
0.300762
0.550301
0.816908
0.955033
0.773393
0.035737
0.343474
0.623817
0.691607
0.639661
0.690665
0.016281
0.381378
0.937602
0.937097
0.491149
0.582190
0.819195
0.274975
0.834095
0.833202
0.246347
0.534187
0.441609
0.106826
0.166848
0.125965
0.989119
0.481679
0.795225
0.995979
0.782441
0.345526
0.812887
0.737474
0.118919
0.848623
0.080948
0.742737
0.540230
0.720610
0.433402
0.556511
0.101987
0.371003
0.493608
0.593137
0.953193
0.312803
0.868112
0.787289
0.146005
0.114459
0.321476
0.587614
0.221286
0.488324
0.713579
0.210404
0.970003
0.508804
0.206383
0.752444
0.854330
0.019270
0.489918
0.973250
0.867893
0.570867
0.715986
0.408123
0.291476
0.149388
0.964635
0.393464
0.520392
0.458243
0.986600
0.473585
0.771046
0.854712
0.260874
0.917052
0.969172
0.582350
0.504666
0.190457
0.070674
0.218245
0.400862
0.040677
0.727049
0.607245
0.793121
0.581379
0.626514
0.283039
0.554629
0.494407
0.853906
0.270615
0.902530
0.145383
0.420003
0.867165
0.538846
0.940395
0.325408
0.525447
0.413980
0.096454
0.380159
0.674854
0.013506
0.349331
0.257204
0.518171
0.539788
0.327878
0.736416
0.940650
0.368555
0.463465
0.547894
0.161676
0.044844
0.174408
0.444715
0.599473
0.668815
0.298622
0.870088
0.571346
0.444004
0.290091
0.438511
0.982851
0.230485
0.763918
0.508297
0.644465
0.860372
0.888456
0.319319
0.873878
0.237787
0.576523
0.392049
0.777574
0.904401
0.128466
0.718224
0.272956
0.591931
0.266118
0.434632
0.636775
0.440526
0.879347
0.236248
0.109341
0.177969
0.106335
0.680687
0.621973
0.396426
0.119198
0.604823
0.626911
0.883116
0.113121
0.271377
0.743489
0.001577
0.590696
0.617366
0.239363
0.167219
0.009416
0.016937
0.071620
0.137881
0.735161
0.344576
0.729812
0.001279
0.779208
0.366587
0.441806
0.658556
0.602835
0.551147
0.836524
0.709170
0.231834
0.458497
0.105596
0.351032
0.063321
0.732508
0.234148
0.176441
0.003884
0.977637
0.178018
0.594580
0.595003
0.417381
0.761800
0.604419
0.434319
0.833420
0.742300
0.169480
0.177996
0.472113
0.170759
0.957204
0.838700
0.612565
0.615760
0.441535
0.163712
0.452284
0.150705
0.395546
0.910782
0.256301
0.746578
0.974102
0.988809
0.980726
0.150544
0.992693
0.958362
0.328562
0.587274
0.553365
0.745943
0.349073
0.157784
0.180261
0.182493
0.900084
0.349741
0.360490
0.372197
0.520501
0.317694
0.210897
0.133066
0.933454
0.652432
0.296777
0.385738
0.803137
0.692323
0.296520
0.059438
0.438901
0.270622
0.048247
0.419627
0.421166
0.040940
0.377989
0.749727
0.628214
0.931355
0.495670
0.977287
0.089139
0.675932
0.159781
0.989223
0.025673
0.520270
0.361420
0.546173
0.837964
0.572317
0.679239
0.771418
0.224748
0.976016
0.157156
0.027885
0.668340
0.453676
0.087323
0.107241
0.724298
0.135569
0.526868
0.145464
0.176509
0.904857
0.895191
0.804723
0.836212
0.390861
0.782011
0.925351
0.066793
0.941792
0.914574
0.092466
0.462062
0.275994
0.638639
0.300026
0.848311
0.317878
0.071444
0.073059
0.293895
0.228601
0.100944
0.962234
0.682276
0.188266
0.069475
0.406574
0.323836
0.596343
0.552038
0.500345
0.501201
0.447229
0.305069
0.337413
0.838091
0.087079
0.262764
0.904884
0.028871
0.177337
0.997349
0.490933
0.453331
0.635989
0.790959
0.301642
0.953867
0.862403
0.374701
0.247762
0.091004
0.475644
0.209996
0.773280
0.663911
0.279471
0.179855
0.987746
0.875815
0.731893
0.488092
0.377016
0.179122
0.793160
0.714429
0.017212
0.880239
0.977192
0.922096
0.909110
0.154529
0.919445
0.400043
0.607860
0.555434
0.191002
0.909502
0.509301
0.053405
0.284203
0.757062
0.144409
0.759847
0.967058
0.917689
0.423758
0.246530
0.097544
0.411504
0.122345
0.829437
0.899596
0.499361
0.008558
0.692756
0.213789
0.025771
0.572995
0.190981
0.947867
0.482105
0.345511
0.867312
0.882149
0.953371
0.422746
0.073151
0.862873
0.932047
0.126556
0.147076
0.689109
0.270965
0.906923
0.656168
0.188655
0.330681
0.902698
0.286199
0.742185
0.025043
0.115635
0.641780
0.524403
0.124193
0.334536
0.738192
0.149964
0.907531
0.929173
0.097831
0.389636
0.274684
0.965143
0.271785
0.228055
0.387889
0.344936
0.090928
0.319936
0.471492
0.238004
0.009045
0.742457
0.144927
0.665213
0.931111
0.475607
0.567911
0.217310
0.217792
0.592953
0.332945
0.859572
0.117356
0.457138
0.194108
0.855549
0.607103
0.101639
0.784722
0.704934
0.491275
0.059406
0.670077
0.763060
0.287460
0.057966
0.107995
0.378388
0.377902
0.579487
0.616392
0.386947
0.321944
0.761319
0.052160
0.253055
0.236926
0.620071
0.470365
0.454717
0.213024
0.803310
0.314289
0.330381
0.260448
0.508397
0.185929
0.867551
0.610036
0.970651
0.572485
0.101311
0.030056
0.242561
0.864370
0.317517
0.300527
0.972366
0.695905
0.678429
0.551852
0.312297
0.065376
0.873796
0.073615
0.117536
0.126851
0.310541
0.737606
0.597216
0.765259
0.950631
0.400525
0.079548
0.281011
0.660974
0.587945
0.466940
0.528525
0.197981
0.437591
0.101010
0.299291
0.467648
0.343571
0.163662
0.785165
0.644098
0.136027
0.481070
0.322527
0.687880
0.793366
0.387902
0.561676
0.866982
0.505438
0.688526
0.177523
0.243044
0.285742
0.942781
0.193675
0.686267
0.022329
0.474686
0.347241
0.610274
0.941627
0.875766
0.808255
0.379218
0.976775
0.107546
0.846866
0.320346
0.271208
0.632030
0.964445
0.407235
0.113100
0.286971
0.095115
0.906466
0.674874
0.656790
0.773448
0.180312
0.345317
0.950971
0.423356
0.631058
0.893752
0.617031
0.317326
0.916081
0.091717
0.664567
0.526355
0.033344
0.540333
0.334610
0.412562
0.517108
0.442156
0.259428
0.837454
0.713364
0.891458
0.801899
0.120599
0.004558
0.088870
0.215714
0.911025
0.763744
0.872504
0.684473
0.944056
0.217820
0.635443
0.367413
0.848879
0.529195
0.984444
0.166205
0.445276
0.076161
0.830772
0.971631
0.109505
0.371104
0.306241
0.522067
0.888213
0.748397
0.781495
0.725667
0.461761
0.672953
0.527566
0.582360
0.677511
0.616436
0.798074
0.588536
0.380181
0.670578
0.273008
0.324237
0.888398
0.908452
0.691649
0.737277
0.437647
0.676093
0.903482
0.882923
0.752254
0.734254
0.854555
0.861759
0.105358
0.160796
0.383826
0.993571
0.909194
0.165321
0.719238
0.370955
0.838274
0.246804
0.953315
0.515785
0.863240
0.751389
0.104321
0.243421
0.421967
0.377329
0.567658
0.310366
0.285781
0.259307
0.047643
0.723428
0.935400
0.951125
0.606351
0.687655
0.685379
0.460906
0.549414
0.790738
0.621702
0.933240
0.784308
0.530895
0.098560
0.503546
0.901850
0.936834
0.750350
0.855166
0.452619
0.613590
0.606555
0.556940
0.857011
0.028523
0.934269
0.424669
0.338888
0.220050
0.683976
0.386532
0.943478
0.619377
0.337657
0.549829
0.307031
0.023036
0.010735
0.856445
0.813774
0.632437
0.789684
0.598082
0.163332
0.888245
0.101629
0.065183
0.825079
0.851979
0.920349
0.277698
0.465569
0.526904
0.834637
0.322580
0.555426
0.768906
0.747249
0.894315
0.988956
0.431225
0.280846
0.932434
0.050601
0.618503
0.482264
0.357632
0.641540
0.492999
0.214077
0.455314
0.125436
0.003762
0.053396
0.288768
0.892006
0.155024
0.353951
0.717085
0.007003
0.274299
0.994782
0.472572
0.801203
0.829420
0.795151
0.356629
0.598326
0.542400
0.250944
0.587283
0.973625
0.531790
0.519717
0.024226
0.150294
0.001980
0.381858
0.791833
0.494979
0.595935
0.247147
0.620415
0.599697
0.300543
0.909183
0.491703
0.455567
0.263134
0.208788
0.462570
0.537433
0.203571
0.935142
0.338636
0.032990
0.730293
0.695265
0.631317
0.272693
0.946209
0.218599
0.246317
0.478000
0.738316
0.270543
0.628293
0.740296
0.652401
0.420127
0.235276
0.248336
0.667274
0.855690
0.848033
0.967817
0.764873
0.339737
0.423384
0.028007
0.548525
0.885954
0.565439
0.752095
0.821095
0.904075
0.785086
0.551388
0.599341
0.416402
0.824081
0.545550
0.635001
0.070398
0.023550
0.373317
0.340941
0.651843
0.113614
0.993342
0.071970
0.348890
0.241678
0.739244
0.204580
0.089712
0.707061
0.969453
0.429448
0.130445
0.997459
0.977973
0.016398
0.562899
0.730069
0.837494
0.466974
0.515155
0.388882
0.066315
0.931557
0.212962
0.611865
0.566559
0.283360
0.635415
0.939876
0.624301
0.287258
0.053490
0.617643
0.359228
0.402379
0.859321
0.098472
0.606959
0.949033
0.805533
0.576412
0.378482
0.935977
0.573871
0.356455
0.952376
0.136770
0.086524
0.789869
0.603744
0.601678
0.178751
0.670059
0.533235
0.391713
0.281924
0.099794
0.675073
0.917339
0.039670
0.299374
0.204597
0.093160
0.917017
0.563825
0.495539
0.776338
0.662297
0.102499
0.725372
0.467830
0.678911
0.103853
0.403807
0.252782
0.460308
0.356183
0.389552
0.546832
0.146052
0.993297
0.148510
0.324802
0.663356
0.681745
0.716515
0.945281
0.781539
0.391588
0.862620
0.821209
0.690962
0.067217
0.914368
0.607980
0.631042
0.409908
0.384318
0.293339
0.512406
0.109690
0.761169
0.191317
0.213543
0.164976
0.444099
0.673851
0.521159
0.833651
0.220682
0.667210
0.826948
0.369192
0.992013
0.490304
0.050937
0.708528
0.435585
0.832476
0.100116
0.298204
0.653684
0.791079
0.365421
0.568053
0.399059
0.996463
0.977960
0.783377
0.289802
0.490367
0.893066
0.050970
0.681683
0.106609
0.215946
0.125782
0.780460
0.737105
0.959433
0.001142
0.404315
0.786381
0.370334
0.396328
0.276685
0.421271
0.104856
0.712270
0.253747
0.204972
0.010474
0.907431
0.996051
0.375895
0.475484
0.395110
0.372358
0.453444
0.178487
0.662159
0.943811
0.071553
0.713130
0.625494
0.178162
0.929076
0.751276
0.958621
0.666181
0.710709
0.959763
0.070496
0.497091
0.330097
0.466824
0.773776
0.751368
0.571680
0.486046
0.005115
0.776652
0.496520
0.912546
0.772704
0.872415
0.388029
0.167814
0.244773
0.841473
0.346300
0.906932
0.785284
0.417853
0.620062
0.410778
0.596014
0.549138
0.162054
0.554636
0.215318
0.872764
0.514399
0.285814
0.369854
0.844497
0.752638
0.143630
0.595865
0.324317
0.629675
0.600980
0.100969
0.126195
0.513525
0.873673
0.998610
0.901555
0.041487
0.243383
0.743028
0.387787
0.150315
0.528312
0.805639
0.770376
0.939091
0.401654
0.319514
0.101145
0.956289
0.534832
0.973908
0.470689
0.820646
0.343762
0.315185
0.573284
0.487392
0.911050
0.897601
0.117068
0.512029
0.998570
0.243263
0.025555
0.872243
0.241872
0.927110
0.913730
0.485255
0.670138
0.301516
0.635570
0.198451
0.107156
0.405946
0.137541
0.508809
0.725460
0.238686
0.465099
0.260292
0.212594
0.935787
0.080938
0.556357
0.250972
0.654222
0.043749
0.162022
0.551822
0.160817
0.674051
0.550393
0.404079
0.699606
0.422636
0.645951
0.626716
0.336366
0.131206
0.296854
0.637882
0.766776
0.495305
0.745037
0.172722
0.632846
0.253846
0.898182
0.871532
0.718945
0.158474
0.084126
0.654732
0.239412
0.640483
0.905704
0.893634
0.684232
0.067726
0.445456
0.845049
0.741777
0.995849
0.249128
0.441383
0.418485
0.895079
0.068099
0.754850
0.026286
0.364953
0.392732
0.793062
0.860258
0.137770
0.965784
0.493104
0.391616
0.863966
0.364636
0.110561
0.022440
0.448763
0.765293
0.261852
0.089246
0.670997
0.155486
0.773478
0.738723
0.600942
0.618527
0.480500
0.596791
0.867655
0.921883
0.015276
0.762734
0.989983
0.770126
0.789020
0.354936
0.162859
0.582081
0.215194
0.300628
0.547865
0.708298
0.692244
0.411831
0.072934
0.802805
0.434270
0.521697
0.568099
0.696122
0.610943
0.239096
0.851608
0.384421
0.977819
0.452550
0.002948
0.458319
0.049342
0.870603
0.380202
0.064618
0.633337
0.370185
0.834744
0.422357
0.725120
0.997603
0.004439
0.940314
0.298231
0.552304
0.648613
0.990475
0.964134
0.721547
0.793281
0.398404
0.243244
0.361379
0.094526
0.854187
0.600475
0.946135
0.238609
0.578294
0.398685
0.241557
0.036612
0.448027
0.112160
0.416814
0.512644
0.745497
0.786999
0.347389
0.167854
0.512120
0.344992
0.172293
0.452434
0.643223
0.724596
0.101047
0.633698
0.688730
0.822594
0.426979
0.087134
0.065838
0.788358
0.181661
0.920025
0.388833
0.127795
0.158634
0.967127
0.526480
0.400191
0.003739
0.974507
0.512350
0.420554
0.487151
0.257847
0.207553
0.834540
0.425702
0.719672
0.179531
0.597994
0.172106
0.822754
0.322590
0.273153
0.456452
0.011321
0.095747
0.883431
0.098455
0.161585
0.671790
0.280116
0.081610
0.060623
0.407911
0.240244
0.027750
0.934392
0.640435
0.031490
0.908899
0.152785
0.452043
0.396050
0.410632
0.659596
0.230590
0.836334
0.379269
0.410121
0.434328
0.551375
0.232876
0.756918
0.824528
0.689328
0.768239
0.920275
0.572759
0.866694
0.081860
0.244549
0.146810
0.163470
0.305172
0.554721
0.403714
0.332922
0.489113
0.044149
0.364411
0.398011
0.196934
0.816455
0.794061
0.607566
0.476051
0.024651
0.443900
0.855320
0.434773
0.878228
0.406696
0.667648
0.635146
0.231224
0.356976
0.403385
0.151499
0.929735
0.270079
0.233360
0.174284
0.416889
0.396830
0.479456
0.971610
0.800544
0.812377
0.460723
0.844693
0.176789
0.858734
0.041627
0.993244
0.652795
0.649193
0.469295
0.677446
0.093093
0.324616
0.112219
0.971321
0.731311
0.779867
0.606467
0.962535
0.136843
0.009852
0.114035
0.066578
0.279931
0.347394
0.240862
0.696820
0.744224
0.720318
0.668430
0.544768
0.532695
0.129152
0.389461
0.709484
0.987886
0.431088
0.702728
0.640681
0.080281
0.172023
0.318128
0.173374
0.496639
0.430347
0.144695
0.227950
0.210214
0.751162
0.190485
0.347057
0.761014
0.304520
0.413635
0.040946
0.651914
0.654497
0.737766
0.396138
0.374815
0.406196
0.940907
0.907510
0.535348
0.330368
0.616994
0.523234
0.761457
0.319722
0.163916
0.841738
0.491745
0.482044
0.015112
0.988384
0.912390
0.159808
0.216334
0.122604
0.910970
0.406820
0.469661
0.671984
0.711340
0.883297
0.712930
0.363254
0.537794
0.450696
0.759393
0.912609
0.856891
0.700300
0.820119
0.392239
0.030668
0.437113
0.915474
0.792124
0.756835
0.079389
0.633862
0.248580
0.561433
0.648975
0.236964
0.473823
0.808782
0.453299
0.596427
0.719752
0.860118
0.066089
0.391737
0.571458
0.949385
0.104667
0.934713
0.487179
0.555362
0.694106
0.399788
0.412254
0.394405
0.219907
0.804493
0.425073
0.657020
0.719966
0.217198
0.413854
0.799356
0.851060
0.662434
0.360789
0.500035
0.899399
0.834612
0.308817
0.352697
0.431039
0.028569
0.212816
0.497128
0.420306
0.784274
0.446513
0.524972
0.718987
0.933692
0.080335
0.413093
0.333480
0.492588
0.807498
0.553387
0.297081
0.232572
0.210407
0.017047
0.449769
0.624261
0.816403
0.300830
0.286695
0.177191
0.800864
0.186094
0.011803
0.109681
0.538791
0.442842
0.138251
0.751607
0.939970
0.558556
0.535881
0.386483
0.083529
0.254868
0.320175
0.163863
0.667961
0.653656
0.656451
0.475459
0.207043
0.953532
0.708030
0.417450
0.970579
0.157800
0.041711
0.786982
0.458629
0.328406
0.964174
0.259494
0.514500
0.975977
0.369175
0.053291
0.418819
0.507426
0.804898
0.358789
0.065982
0.340779
0.745271
0.149511
0.595646
0.065447
0.313374
0.263607
0.719102
0.969825
0.739066
0.926145
0.923357
0.447096
0.343595
0.893937
0.604896
0.385305
0.680919
0.063525
0.713712
0.645093
0.323018
0.228212
0.621069
0.692193
0.281503
0.039888
0.199619
0.086401
0.398677
0.265601
0.427179
0.143948
0.415112
0.022825
0.209395
0.728485
0.286432
0.928497
0.698311
0.025498
0.854642
0.621668
0.472594
0.198237
0.515605
0.077489
0.583542
0.196524
0.141014
0.297254
0.841617
0.464032
0.525465
0.462686
0.156226
0.806968
0.502574
0.355845
0.893369
0.901251
0.621445
0.320548
0.045199
0.036557
0.343373
0.254593
0.765042
0.629806
0.183090
0.463353
0.655303
0.037732
0.085021
0.127897
0.235969
0.600626
0.205386
0.819511
0.797150
0.346400
0.116764
0.638767
0.810432
0.642230
0.101453
0.966658
0.449198
0.604027
0.322503
0.342567
0.505278
0.943948
0.663115
0.550476
0.980505
0.006488
0.805070
0.745548
0.636293
0.988160
0.208901
0.291597
0.025892
0.293922
0.419494
0.261860
0.894548
0.624880
0.081371
0.691698
0.971280
0.198135
0.330465
0.781712
0.840365
0.431918
0.748370
0.289563
0.035945
0.070873
0.632130
0.541223
0.014821
0.295244
0.091699
0.995326
0.301732
0.896769
0.740874
0.938025
0.884929
0.949775
0.229622
0.910821
0.243697
0.649116
0.172681
0.138245
0.273995
0.254052
0.829943
0.245275
0.452188
0.160408
0.026987
0.292553
0.592326
0.775358
0.582116
0.628271
0.846231
0.214246
0.169494
0.861052
0.509490
0.261194
0.856378
0.811222
0.157963
0.597252
0.749247
0.042892
0.547027
0.978869
0.953712
0.790723
0.627985
0.126394
0.928968
0.901980
0.380446
0.758911
0.147256
0.832633
0.919319
0.174243
0.125186
0.511645
0.949601
0.707302
0.139916
0.795832
0.921548
0.309411
0.656884
0.431038
0.570604
0.513262
0.242260
0.728567
0.110514
0.991507
0.771459
0.657541
0.970377
0.725171
0.448264
0.598362
0.851565
0.377232
0.500342
0.232010
0.136143
0.647598
0.064644
0.055462
0.821841
0.189830
0.567108
0.771442
0.897132
0.707024
0.567273
0.818680
0.016435
0.224157
0.249718
0.587039
0.737419
0.491978
0.315606
0.847934
0.483485
0.087065
0.505475
0.453861
0.812236
0.953739
0.052223
0.663801
0.330971
0.552565
0.895811
0.467115
0.200163
0.960455
0.522577
0.022003
0.150285
0.089685
0.793445
0.047418
0.796709
0.360719
0.866098
0.813144
0.584876
0.115816
0.400183
0.322295
0.607793
0.715789
0.170229
0.091278
0.802854
0.675703
0.545139
0.615090
0.629442
0.597362
0.278890
0.960414
0.149927
0.174702
0.427529
0.350090
0.135157
0.950106
0.372093
0.285442
0.039791
0.165538
0.332859
0.836500
0.526257
0.198957
0.649643
0.111132
0.314773
0.049826
0.433428
0.922566
0.765615
0.603656
0.013844
0.568469
0.279360
0.558983
0.183558
0.908802
0.156345
0.462449
0.869216
0.306272
0.637150
0.296745
0.656362
0.772307
0.246850
0.028455
0.057749
0.286641
0.193993
0.390608
0.123141
0.720249
0.589565
0.772784
0.831382
0.904338
0.822611
0.264809
0.826904
0.588226
0.868466
0.840748
0.156694
0.147825
0.399731
0.340252
0.056628
0.556076
0.802701
0.925843
0.862347
0.439851
0.222588
0.518709
0.212158
0.469438
0.547164
0.269907
0.756080
0.741156
0.660515
0.879221
0.461406
0.250080
0.652005
0.292787
0.154418
0.474616
0.557597
0.981322
0.062841
0.426063
0.822070
0.219535
0.573888
0.221801
0.559788
0.630516
0.777876
0.362489
0.556359
0.640224
0.802340
0.778947
0.158933
0.014498
0.248386
0.706096
0.284405
0.004465
0.447252
0.944920
0.883686
0.908658
0.195000
0.535691
0.201445
0.349418
0.010307
0.759042
0.330739
0.073148
0.185105
0.152809
0.292684
0.758993
0.374610
0.852471
0.389508
0.152486
0.214961
0.945868
0.792710
0.017301
0.724815
0.951642
0.031799
0.973200
0.657738
0.316204
0.977666
0.104990
0.261124
0.861352
0.013648
0.456124
0.397043
0.215093
0.805541
0.407350
0.974135
0.136281
0.480498
0.159240
0.289090
0.773182
0.918233
0.663700
0.625653
0.307741
0.816186
0.840614
0.253609
0.608895
0.857915
0.978423
0.560537
0.889714
0.951624
0.218275
0.205918
0.929290
0.323266
0.467042
0.790641
0.336914
0.923166
0.187684
0.552007
0.728707
0.595035
0.526143
0.864987
0.075533
0.685383
0.154077
0.848715
0.603615
0.817777
0.474368
0.911356
0.633963
0.314982
0.164965
0.242858
0.172897
0.143389
0.803395
0.062611
0.095012
0.021671
0.268529
0.024302
0.344936
0.735571
0.814943
0.681850
0.658737
0.002628
0.233857
0.387443
0.597662
0.760000
0.252431
0.673195
0.445382
0.406508
0.521910
0.048998
0.224285
0.996278
0.960354
0.858247
0.311260
0.125319
0.101105
0.484156
0.268708
0.904500
0.546767
0.363720
0.926171
0.815296
0.388022
0.271107
0.550867
0.202965
0.952957
0.209604
0.205593
0.186815
0.597047
0.803255
0.946815
0.849478
0.476451
0.392197
0.255986
0.998360
0.441195
0.480270
0.994638
0.401549
0.338518
0.305898
0.526868
0.439623
0.790054
0.795576
0.344123
0.336821
0.159296
0.270294
0.152117
0.547318
0.541401
0.702984
0.750283
0.494358
0.912588
0.955876
0.681173
0.509635
0.759132
0.627987
0.359113
0.235582
0.020184
0.615098
0.233943
0.461379
0.095369
0.228581
0.862928
0.433886
0.534479
0.389796
0.873509
0.324533
0.185372
0.217632
0.661355
0.344668
0.487926
0.813472
0.891986
0.029327
0.516456
0.642269
0.523685
0.429043
0.598145
0.204858
0.938678
0.357277
0.832845
0.297791
0.592860
0.853030
0.912889
0.826802
0.314409
0.008258
0.055383
0.177337
0.442144
0.589862
0.567133
0.315653
0.914396
0.752504
0.533285
0.575750
0.097172
0.021211
0.389222
0.989158
0.050538
0.905678
0.631427
0.574223
0.334721
0.229572
0.779081
0.273399
0.586849
0.611926
0.571190
0.179709
0.464955
0.484079
0.006511
0.779364
0.492336
0.061894
0.956701
0.934480
0.651757
0.523833
0.250133
0.566152
0.276338
0.783418
0.141903
0.373510
0.804629
0.531124
0.362668
0.855167
0.436802
0.994095
0.429390
0.771523
0.223667
0.208470
0.044922
0.810516
0.820396
0.616112
0.990225
0.285352
0.100190
0.996736
0.064716
0.592526
0.058630
0.021417
0.527006
0.710387
0.545250
0.777139
0.276539
0.821588
0.560557
0.418442
0.195098
0.365186
0.949566
0.557765
0.220353
0.386369
0.551860
0.649743
0.157892
0.775527
0.858213
0.202814
0.586043
0.678609
0.818926
0.576268
0.963961
0.919116
0.573004
0.028677
0.511643
0.631634
0.050093
0.038649
0.342021
0.595343
0.815788
0.618561
0.416931
0.376346
0.037003
0.612028
0.741532
0.986569
0.169794
0.961885
0.372938
0.721654
0.611628
0.530829
0.497181
0.469841
0.733643
0.083224
0.148450
0.552569
0.659492
0.112411
0.471685
0.232495
0.141088
0.983328
0.864130
0.191181
0.021977
0.206151
0.786525
0.837765
0.824712
0.203456
0.214111
0.861714
0.815484
0.955642
0.848283
0.985278
0.917527
0.221221
0.706932
0.529155
0.752050
0.204113
0.998996
0.485693
0.287337
0.147447
0.038262
0.946828
0.259858
0.509947
0.179324
0.400946
0.493275
0.043453
0.592128
0.515251
0.249604
0.378652
0.353016
0.074316
0.582108
0.567127
0.936030
0.397592
0.522769
0.784313
0.382870
0.440297
0.005534
0.089802
0.969452
0.757585
0.293915
0.968448
0.243278
0.581251
0.115895
0.281540
0.528080
0.375753
0.791487
0.707403
0.776699
0.284761
0.750856
0.368826
0.800013
0.000460
0.747478
0.153029
0.074776
0.329586
0.720156
0.010806
0.727178
0.242925
0.795119
0.110048
0.683222
0.800654
0.199849
0.652674
0.558238
0.493764
0.621122
0.801516
0.075015
0.737017
0.083056
0.603095
0.112769
0.874543
0.310498
0.889468
0.159304
0.061354
0.258294
0.959317
0.061815
0.005773
0.112346
0.136591
0.335359
0.832501
0.147397
0.062537
0.075426
0.942516
0.172585
0.758648
0.743170
0.372434
0.411321
0.301408
0.866198
0.032443
0.102924
0.941214
0.769460
0.185980
0.544309
0.882229
0.060522
0.854807
0.771697
0.219826
0.916161
0.029992
0.179143
0.977976
0.035765
0.291489
0.114567
0.371124
0.123990
0.261964
0.433661
0.199416
0.204480
0.606246
0.958063
0.947650
0.978680
0.369384
0.249058
0.844879
0.401827
0.351981
0.786093
0.171287
0.537961
0.330401
0.053516
0.598483
0.185208
0.825214
0.818310
0.101369
0.855205
0.997453
0.079345
0.890970
0.288942
0.193912
0.262094
0.412931
0.455876
0.695755
0.612347
0.660356
0.302001
0.570410
0.608006
0.280681
0.939794
0.857064
0.125560
0.341622
0.209045
0.911652
0.512909
0.747006
0.242054
0.566425
0.345489
0.427262
0.391639
0.163799
0.528631
0.246844
0.161252
0.607976
0.137814
0.450193
0.801888
0.399908
0.863125
0.257764
0.095662
0.475472
0.918121
0.397663
0.045882
0.526127
0.678344
0.985676
0.383190
0.803904
0.327298
0.592235
0.715556
0.840207
0.339241
0.957610
0.406632
0.684730
0.384871
0.798271
0.848528
0.913502
0.045114
0.009780
0.521478
0.182928
0.459973
0.323366
0.582836
0.323098
0.581131
0.678498
0.798569
0.499251
0.076161
0.844451
0.025378
0.754505
0.830127
0.408568
0.558409
0.157425
0.000803
0.273965
0.997632
0.340044
0.231575
0.404264
0.024774
0.616446
0.202534
0.873302
0.529948
0.247649
0.883082
0.051426
0.430577
0.343056
0.374793
0.013413
0.666153
0.955923
0.691911
0.464723
0.455175
0.768072
0.309174
0.480553
0.522578
0.139301
0.889121
0.080986
0.296726
0.889924
0.354951
0.294358
0.229968
0.586526
0.698621
0.254742
0.202972
0.901156
0.128044
0.732920
0.148804
0.011126
0.784346
0.579381
0.354182
0.159138
0.592794
0.020335
0.115061
0.284706
0.485058
0.570236
0.052778
0.794231
0.050789
0.575356
0.933532
0.939910
0.656342
0.230258
0.829834
0.011293
0.524615
0.059802
0.597819
0.223236
0.314543
0.800790
0.124392
0.442587
0.533710
0.273196
0.453714
0.318055
0.852578
0.807896
0.477194
0.445372
0.828231
0.592255
0.730078
0.313288
0.162491
0.782856
0.107519
0.213280
0.358212
0.041051
0.153189
0.014554
0.271309
0.983023
0.025847
0.795924
0.042825
0.623665
0.019160
0.357368
0.424456
0.143552
0.799955
0.958165
0.416749
0.253669
0.276221
0.269327
0.061565
0.753414
0.714699
0.889795
0.345669
0.444777
0.203083
0.508160
0.227633
0.310603
0.721440
0.585845
0.351654
0.874630
0.600399
0.622963
0.857653
0.626246
0.418887
0.900477
0.249911
0.438047
0.257845
0.674367
0.581599
0.057800
0.632532
0.998348
0.311469
0.908753
0.267675
0.373034
0.662167
0.982374
0.262829
0.007836
0.427151
0.465912
0.515997
0.654784
0.776515
0.237437
0.240629
0.128169
0.112067
0.841028
0.751132
0.969719
0.467274
0.170018
0.870196
0.717185
0.608065
0.128041
0.391552
0.189664
0.185842
0.024084
0.188012
0.497311
0.932837
0.455687
0.870345
0.595004
0.438060
0.133174
0.602840
0.865211
0.599086
0.118837
0.519995
0.375601
0.356274
0.760624
0.503770
0.468341
0.601653
0.254901
0.438060
0.068926
0.424919
0.308256
0.786111
0.032984
0.436298
0.177663
0.222648
0.622139
0.201746
0.410660
0.119450
0.134583
0.866347
0.989795
0.729586
0.304408
0.122968
0.332427
0.169619
0.722054
0.451264
0.689614
0.097655
0.807538
0.450238
0.601424
0.275879
0.051891
0.856325
0.713939
0.120817
0.281245
0.022195
0.906928
0.314229
0.458493
0.084591
0.536877
0.080632
0.286337
0.947538
0.200083
0.420920
0.813885
0.189877
0.150506
0.118293
0.312846
0.482932
0.287911
0.034900
0.934196
0.977525
0.132555
0.741734
0.427764
0.733979
0.017612
0.479654
0.590305
0.731551
0.600472
0.871549
0.753746
0.507400
0.185778
0.212239
0.591990
0.722656
0.292871
0.878327
0.670194
0.492954
0.299247
0.484079
0.682831
0.449753
0.602371
0.995677
0.932685
0.890282
0.030577
0.866881
0.867808
0.163132
0.608615
0.295571
0.897112
0.626227
0.775226
0.487416
0.357778
0.375697
0.358966
0.111524
0.883097
0.544744
0.323763
0.475087
0.267400
0.616634
0.353415
0.937594
0.109588
0.652661
0.421672
0.792419
0.102414
0.024043
0.788096
0.035099
0.914326
0.818674
0.901980
0.782133
0.981806
0.510595
0.077704
0.878918
0.136822
0.852930
0.366334
0.494600
0.228627
0.725300
0.606124
0.111724
0.270044
0.929887
0.586812
0.537444
0.546521
0.940226
0.475038
0.656108
0.592887
0.896710
0.448527
0.695301
0.920753
0.236624
0.730401
0.835079
0.055297
0.632381
0.617212
0.037103
0.142976
0.694917
0.916021
0.279798
0.547847
0.282355
0.774398
0.776474
0.007655
0.380522
0.888198
0.277699
0.310408
0.475010
0.815143
0.856929
0.415236
0.290181
0.513037
0.008123
0.186891
0.961565
0.703424
0.107644
0.198189
0.433825
0.942723
0.253486
0.066206
0.559935
0.290589
0.209182
0.254852
0.206610
0.488980
0.802698
0.488965
0.263378
0.579172
0.496619
0.643900
0.467370
0.774318
0.954308
0.942380
0.589461
0.811237
0.357616
0.879642
0.324274
0.365739
0.066532
0.285839
0.069164
0.174176
0.484028
0.502989
0.116899
0.737513
0.569194
0.676834
0.028103
0.778376
0.931685
0.234713
0.267356
0.734383
0.723677
0.530734
0.313556
0.220297
0.174634
0.780926
0.994614
0.128942
0.723306
0.584075
0.940179
0.080922
0.463717
0.264453
0.446661
0.530249
0.550292
0.515824
0.704425
0.034320
0.018813
0.821324
0.771834
0.588007
0.498158
0.799936
0.366384
0.429843
0.034649
0.633740
0.164226
0.758326
0.164474
0.477782
0.978622
0.339108
0.258708
0.973237
0.468050
0.982014
0.557312
0.408229
0.062935
0.021029
0.672682
0.509596
0.551278
0.222975
0.025420
0.255703
0.257295
0.044233
0.077027
0.029128
0.632240
0.575184
0.829064
0.998624
0.005027
0.863713
0.632364
0.169253
0.622039
0.796838
0.647035
0.600661
0.135945
0.905743
0.573898
0.603995
0.887756
0.131211
0.012224
0.950692
0.152240
0.684906
0.460288
0.703518
0.907881
0.485708
0.959221
0.165175
0.529941
0.036248
0.194304
0.162182
0.611432
0.023368
0.160806
0.616460
0.887081
0.793170
0.785713
0.509120
0.590007
0.432748
0.109782
0.725952
0.338491
0.683680
0.329948
0.226247
0.814891
0.342172
0.176938
0.967130
0.027078
0.637226
0.670648
0.934958
0.122934
0.629869
0.100134
0.652875
0.666117
0.294437
0.815057
0.277549
0.317806
0.975863
0.894009
0.204887
0.769032
0.679722
0.714007
0.359040
0.112470
0.823788
0.084992
0.450961
0.507468
0.414940
0.677208
0.322359
0.757111
0.854146
0.289489
0.784189
0.491372
0.960138
0.719147
0.614306
0.590007
0.819281
0.267182
0.256124
0.113719
0.082239
0.533673
0.431524
0.058102
0.427682
0.636411
0.827134
0.107404
0.350418
0.186174
0.219874
0.174206
0.271166
0.670835
0.681674
0.686105
0.348043
0.004033
0.443217
0.202189
0.293523
0.227405
0.693561
0.253660
0.946553
0.307867
0.843667
0.765834
0.575049
0.099791
0.879552
0.657288
0.633464
0.311076
0.715390
0.061147
0.947487
0.542524
0.168551
0.297905
0.728698
0.388425
0.472111
0.999863
0.059260
0.153785
0.685969
0.407302
0.157818
0.129185
0.609491
0.451341
0.356591
0.303052
0.705002
0.303143
0.610919
0.548669
0.068977
0.185968
0.648460
0.948529
0.843256
0.281925
0.259605
0.558646
0.343071
0.207092
0.101170
0.511622
0.504997
0.829868
0.900047
0.977107
0.829731
0.959307
0.130892
0.515700
0.366609
0.288711
0.644885
0.976100
0.740052
0.001475
0.279152
0.445054
0.304618
0.890072
0.993723
0.373595
0.076040
0.642183
0.322124
0.919297
0.924108
0.581730
0.477943
0.267179
0.788822
0.579113
0.778801
0.293819
0.408980
0.678848
0.270926
0.238711
0.638155
0.401819
0.754411
0.004765
0.690530
0.399295
0.980865
0.430582
0.400771
0.260017
0.875636
0.705389
0.150089
0.869359
0.078985
0.226129
0.511542
0.401109
0.145426
0.435649
0.982839
0.623369
0.702828
0.771661
0.202481
0.481629
0.065480
0.611462
0.160477
0.336406
0.850173
0.798632
0.738225
0.604584
0.803397
0.428755
0.003879
0.784262
0.859337
0.404650
0.044279
0.734972
0.110039
0.194369
0.604331
0.189024
0.420498
0.115872
0.590133
0.565924
0.551522
0.572972
0.189292
0.254349
0.344633
0.391774
0.735978
0.410112
0.003235
0.896456
0.746519
0.853408
0.695088
0.484744
0.457992
0.498485
0.913499
0.461871
0.282747
0.772835
0.866521
0.327027
0.507808
0.976560
0.521395
0.112139
0.165584
0.941893
0.228011
0.755717
0.507817
0.779533
0.328689
0.697109
0.033882
0.673321
0.088883
0.769861
0.083434
0.092119
0.666316
0.829952
0.945527
0.361404
0.314696
0.403519
0.859889
0.228195
0.865390
0.142636
0.001030
0.731912
0.469663
0.508838
0.708472
0.991058
0.620977
0.874056
0.932951
0.848988
0.629773
0.440768
0.628521
0.958461
0.137877
0.662403
0.631783
0.226760
0.432264
0.715216
0.318879
0.098580
0.545168
0.264406
0.459985
0.859865
0.667925
0.319874
0.088059
0.533316
0.462511
0.089090
0.265227
0.932174
0.597928
0.973699
0.923232
0.218905
0.847755
0.856183
0.067894
0.477528
0.296951
0.696415
0.435989
0.434828
0.358818
0.067772
0.661588
0.791082
0.782988
0.980467
0.889662
0.328157
0.244873
0.349647
0.188021
0.912798
0.669521
0.276080
0.446114
0.132032
0.365170
0.711341
0.064205
0.963098
0.685040
0.987437
0.182003
0.532795
0.843620
0.249897
0.010323
0.140571
0.946312
0.446313
0.575399
0.305130
0.514085
0.236987
0.096212
0.297073
0.217454
0.985874
0.625229
0.462328
0.335521
0.813250
0.375126
0.005043
0.089331
0.821240
0.137074
0.454501
0.532581
0.201280
0.417599
0.217622
0.188717
0.599603
0.750417
0.032337
0.849500
0.760740
0.172907
0.795811
0.207053
0.748306
0.100941
0.721137
0.985293
0.197153
0.018210
0.202748
0.183027
0.643439
0.665075
0.518548
0.456690
0.040202
0.523591
0.546020
0.861442
0.660665
0.000521
0.394023
0.861945
0.418121
0.611645
0.050662
0.017723
0.362062
0.082999
0.867223
0.122802
0.255906
0.663035
0.329854
0.004212
0.763976
0.050991
0.989505
0.961128
0.069201
0.192253
0.144155
0.712640
0.857328
0.662704
0.169330
0.897530
0.186295
0.715350
0.758972
0.846960
0.715872
0.152995
0.708905
0.133992
0.764640
0.759567
0.151716
0.126702
0.842565
0.018939
0.249503
0.098471
0.681974
0.579357
0.102683
0.445949
0.630349
0.092188
0.407078
0.699550
0.284441
0.551233
0.412190
0.141769
0.213937
0.581520
0.039299
0.400231
0.296871
0.798270
0.247191
0.012742
0.951265
0.956096
0.146735
0.715905
0.715663
0.298451
0.842607
0.558228
0.317390
0.092110
0.656699
0.999364
0.671467
0.759382
0.445313
0.301816
0.851570
0.852390
0.001366
0.136011
0.403623
0.413556
0.277781
0.617560
0.995077
0.317079
0.017791
0.291947
0.115350
0.264982
0.304690
0.066615
0.221078
0.451425
0.782521
0.936741
0.749875
0.625128
0.494969
0.067265
0.717238
0.151668
0.066629
0.388705
0.911051
0.511942
0.690521
0.762621
0.364332
0.691887
0.898633
0.767956
0.105444
0.176413
0.385516
0.100520
0.493492
0.403307
0.392468
0.608842
0.668289
0.697157
0.675458
0.889368
0.148582
0.457978
0.826109
0.898458
0.083106
0.321078
0.965723
0.800343
0.472747
0.032352
0.189048
0.383797
0.544294
0.879570
0.146418
0.908626
0.571457
0.045051
0.676582
0.676901
0.221464
0.062098
0.777421
0.714957
0.465405
0.169889
0.323799
0.133694
0.867046
0.999256
0.023062
0.015628
0.457235
0.849171
0.914086
0.540340
0.170249
0.879809
0.340684
0.642996
0.912161
0.529732
0.026793
0.456455
0.409302
0.173212
0.365081
0.980759
0.218263
0.041663
0.657660
0.439727
0.103761
0.435081
0.154683
0.569165
0.604969
0.478482
0.702859
0.472016
0.477739
0.725921
0.487644
0.934973
0.575092
0.401730
0.475314
0.745342
0.281539
0.815998
0.388338
0.193699
0.345730
0.415131
0.650154
0.755032
0.588343
0.015235
0.735791
0.806605
0.056898
0.393451
0.246332
0.160659
0.828531
0.401016
0.729824
0.433501
0.879498
0.432684
0.905516
0.357236
0.158605
0.393160
0.292210
0.733697
0.794890
0.767523
0.479039
0.076428
0.583521
0.867376
0.270128
0.929251
0.282507
0.920282
0.684283
0.870850
0.935518
0.420074
0.677455
0.992416
0.813524
0.923788
0.153075
0.642056
0.324803
0.882900
0.075557
0.204301
0.315583
0.981073
0.561537
0.474188
0.374233
0.853746
0.207886
0.169123
0.621270
0.686924
0.245551
0.204790
0.554301
0.515679
0.134041
0.836808
0.435961
0.818324
0.707658
0.371479
0.238397
0.385113
0.363895
0.051922
0.308901
0.516970
0.693977
0.633704
0.399870
0.769534
0.838005
0.715453
0.750607
0.399542
0.189641
0.124840
0.253288
0.397527
0.293963
0.874558
0.084451
0.539514
0.079349
0.638752
0.055194
0.213390
0.475560
0.491155
0.031714
0.183218
0.862634
0.270111
0.568331
0.226529
0.322033
0.877233
0.743500
0.016010
0.510937
0.143369
0.785544
0.348942
0.858822
0.536151
0.748484
0.048464
0.660991
0.001772
0.445990
0.954954
0.876330
0.530442
0.494469
0.955679
0.169193
0.549663
0.169069
0.644753
0.040818
0.200783
0.827971
0.903452
0.470894
0.396303
0.129982
0.792926
0.273535
0.873481
0.808936
0.784472
0.016850
0.594480
0.133414
0.875673
0.130632
0.881898
0.924136
0.791623
0.883670
0.370127
0.746577
0.760000
0.900568
0.241046
0.715680
0.069761
0.790708
0.884749
0.714515
0.831526
0.085531
0.542486
0.734978
0.556425
0.938789
0.864960
0.349351
0.212324
0.738441
0.158287
0.996796
0.755291
0.752768
0.130210
0.630964
0.883399
0.012108
0.555100
0.675022
0.895778
0.925226
0.421599
0.655778
0.825794
0.662644
0.371458
0.895556
0.453352
0.256206
0.610071
0.284878
0.341737
0.152557
0.019856
0.898162
0.091346
0.884816
0.247513
0.303670
0.623257
0.405800
0.300466
0.378548
0.158567
0.430676
0.009512
0.041966
0.442784
0.564612
0.716988
0.338562
0.489838
0.138586
0.994340
0.315633
0.801231
0.365797
0.211188
0.254583
0.622003
0.821259
0.539461
0.963741
0.973816
0.559318
0.861903
0.065162
0.444134
0.109415
0.368831
0.067391
0.515215
0.669297
0.445939
0.673782
0.099974
0.455451
0.715748
0.542758
0.020063
0.432736
0.881319
0.509901
0.571323
0.875659
0.825534
0.372553
0.241456
0.036722
0.627136
0.863460
0.857981
0.166598
0.827200
0.831797
0.725915
0.689103
0.896959
0.170050
0.798518
0.265791
0.237441
0.313733
0.935088
0.683380
0.987515
0.035062
0.138831
0.703263
0.577819
0.158894
0.135999
0.459138
0.668795
0.707322
0.334797
0.494329
0.079875
0.576254
0.531051
0.707011
0.439713
0.389032
0.873609
0.266914
0.220829
0.599525
0.956017
0.117788
0.769574
0.754535
0.383579
0.007015
0.068267
0.318667
0.690395
0.055782
0.353729
0.829226
0.759045
0.931548
0.988120
0.895044
0.390687
0.656915
0.602366
0.725484
0.151244
0.682241
0.301737
0.682294
0.389253
0.741451
0.071326
0.262862
0.008364
0.292156
0.862386
0.964381
0.409944
0.631961
0.718916
0.793523
0.638975
0.787183
0.112190
0.329370
0.842965
0.465919
0.158596
0.602010
0.397467
0.146716
0.497055
0.788154
0.803631
0.099421
0.513637
0.954874
0.781662
0.815375
0.637168
0.170915
0.556826
0.708495
0.433777
0.565190
0.000650
0.296163
0.529571
0.410594
0.928124
0.248486
0.204117
0.567099
0.035669
0.316307
0.896470
0.878635
0.782226
0.055066
0.480645
0.179693
0.201782
0.977700
0.967847
0.005412
0.077121
0.481484
0.960287
0.858783
0.296859
0.597455
0.029698
0.853685
0.305950
0.463475
0.418875
0.306600
0.759638
0.948446
0.717194
0.687762
0.196932
0.921311
0.254862
0.232602
0.237618
0.151331
0.111236
0.019845
0.206397
0.591881
0.199538
0.408178
0.569581
0.167385
0.413591
0.646701
0.648869
0.373877
0.505484
0.945728
0.971332
0.535182
0.799413
0.277282
0.998657
0.218288
0.583882
0.758295
0.166734
0.301076
0.446057
0.363666
0.222387
0.700919
0.596267
0.460005
0.852250
0.707503
0.479850
0.058647
0.299384
0.679388
0.466825
0.868965
0.846773
0.880416
0.515666
0.495642
0.254293
0.021151
0.441371
0.225625
0.556333
0.240784
0.502907
0.554990
0.459072
0.086789
0.313285
0.625806
0.387864
0.759342
0.989471
0.610251
0.460260
0.585739
0.070257
0.312510
0.293242
0.550107
0.371157
0.592626
0.229495
0.837982
0.461591
0.076268
0.718397
0.977258
0.571910
0.972690
0.998408
0.013281
0.198315
0.554742
0.254065
0.701222
0.109731
0.713137
0.788011
0.423016
0.338943
0.175875
0.182358
0.328414
0.786127
0.642619
0.914153
0.856383
0.955129
0.207394
0.406490
0.326286
0.800021
0.635984
0.164267
0.261612
0.712252
0.882665
0.238869
0.284162
0.855355
0.237278
0.297443
0.053670
0.792019
0.551508
0.754892
0.901751
0.264645
0.542903
0.324767
0.603588
0.718779
0.507126
0.932002
0.504905
0.149745
0.846155
0.361288
0.104874
0.053549
0.767778
0.431159
0.853570
0.403763
0.595427
0.115182
0.116015
0.478092
0.354051
0.400177
0.333446
0.591329
0.697620
0.387117
0.383348
0.249128
0.142009
0.285099
0.513773
0.684912
0.609867
0.117361
0.403691
0.116992
0.049363
0.908596
0.266737
0.895518
0.269885
0.371611
0.949067
0.037663
0.802770
0.802637
0.441425
0.398197
0.917819
0.557440
0.876288
0.271870
0.957617
0.209735
0.863199
0.655237
0.596851
0.246547
0.904365
0.738860
0.531646
0.418138
0.423772
0.141513
0.535499
0.827463
0.258505
0.584862
0.736059
0.525242
0.480380
0.005944
0.896853
0.429448
0.043607
0.699622
0.232085
0.485032
0.097819
0.149904
0.042472
0.974107
0.421774
0.000089
0.183842
0.284972
0.655325
0.780693
0.531519
0.559690
0.519553
0.063166
0.977828
0.943326
0.204679
0.513327
0.770789
0.463184
0.098189
0.506848
0.988426
0.578569
0.512792
0.885279
0.008017
0.556399
0.584901
0.240102
0.041432
0.682720
0.390006
0.083904
0.656827
0.811780
0.083993
0.840669
0.096752
0.739318
0.621363
0.628272
0.299008
0.140916
0.691437
0.276835
0.084241
0.896116
0.790162
0.855030
0.359300
0.888351
0.361878
0.347726
0.466920
0.874671
0.233004
0.474938
0.431070
0.817905
0.715040
0.472502
0.500625
0.105046
0.556406
0.157453
0.916826
0.640398
0.998122
0.013579
0.379716
0.619485
0.641850
0.678724
0.760401
0.333288
0.955559
0.844642
0.229404
0.745721
0.699672
0.588704
0.634072
0.061551
0.936429
0.100992
0.936221
0.169433
0.575930
0.367292
0.987339
0.290970
0.839793
0.487964
0.396016
0.396199
0.645417
0.312842
0.036597
0.643539
0.326421
0.416313
0.263024
0.968271
0.095037
0.023424
0.301559
0.050597
0.868066
0.530963
0.796318
0.567739
0.119666
0.430390
0.629289
0.056096
0.531383
0.565511
0.225529
0.107313
0.932802
0.212867
0.398283
0.772596
0.700831
0.794299
0.168795
0.346248
0.107141
0.205392
0.989787
0.433562
0.621705
0.252811
0.401833
0.716743
0.276235
0.703392
0.767339
0.144301
0.234354
0.563657
0.712040
0.354021
0.994047
0.341329
0.410116
0.525430
0.906840
0.635645
0.632743
0.839642
0.848512
0.031025
0.612238
0.549344
0.825324
0.781032
0.895592
0.932464
0.986424
0.885379
0.366026
0.608129
0.138189
0.767859
0.324872
0.414424
0.471250
0.092211
0.558725
0.705605
0.655868
0.270766
0.059625
0.649915
0.612095
0.469741
0.175345
0.518934
0.105386
0.808088
0.358576
0.953899
0.839113
0.970814
0.503243
0.664436
0.751846
0.398834
0.596901
0.738271
0.284213
0.962927
0.346400
0.422402
0.730786
0.671272
0.836826
0.202036
0.763483
0.395552
0.907641
0.419351
0.666317
0.967266
0.069266
0.278412
0.437007
0.244612
0.797346
0.542393
0.052699
0.155923
0.496292
0.891812
0.126737
0.999534
0.556249
0.878583
0.398368
0.153150
0.616854
0.682581
0.116077
0.963253
0.104983
0.846862
0.634525
0.941809
0.048898
0.398008
0.337361
0.956539
0.817359
0.003678
0.923804
0.886625
0.282090
0.360811
0.131237
0.079436
0.903204
0.183936
0.235359
0.399496
0.075748
0.362095
0.399030
0.631997
0.240679
0.797399
0.785146
0.857532
0.479980
0.901223
0.820786
0.584963
0.748085
0.455311
0.526773
0.796983
0.853319
0.864134
0.753522
0.670678
0.867812
0.677327
0.557303
0.149901
0.038138
0.688540
0.229337
0.941342
0.872476
0.464696
0.340838
0.948224
0.826792
0.739868
0.580221
0.067470
0.537267
0.365367
0.925002
0.017247
0.266590
0.745788
0.602210
0.014675
0.201099
0.128982
0.811659
0.054418
0.993116
0.565181
0.725096
0.860927
0.242507
0.282399
0.010829
0.280645
0.970940
0.240166
0.221987
0.843416
0.704862
0.562825
0.791640
0.531654
0.302693
0.371862
0.599124
0.839960
0.737229
0.524126
0.857206
0.003819
0.269914
0.459416
0.018494
0.471013
0.588398
0.830153
0.525430
0.581514
0.395334
0.250526
0.442442
0.637841
0.532926
0.453270
0.918486
0.503865
0.693437
0.140473
0.347281
0.398299
0.703298
0.138921
0.929953
0.005990
0.510783
0.529076
0.845950
0.248012
0.053202
0.703156
0.251831
0.323116
0.162572
0.270325
0.794129
0.750970
0.100478
0.319559
0.332484
0.495812
0.570086
0.774926
0.133653
0.103011
0.228196
0.052138
0.606876
0.921633
0.192611
0.954157
0.319932
0.895909
0.093079
0.249885
0.901899
0.603862
0.778961
0.747849
0.851873
0.832163
0.451005
0.103704
0.155280
0.613577
0.374030
0.949409
0.364547
0.474508
0.268968
0.697032
0.970320
0.839053
0.471958
0.103973
0.942065
0.700154
0.156111
0.548941
0.621787
0.348722
0.503098
0.941719
0.244630
0.596177
0.191604
0.146529
0.200039
0.970565
0.894378
0.051912
0.802728
0.345383
0.155616
0.958008
0.958960
0.529646
0.907416
0.323507
0.004154
0.176384
0.020539
0.974474
0.015438
0.492496
0.078447
0.957502
0.192650
0.234558
0.506443
0.814438
0.583279
0.009541
0.756157
0.827910
0.605718
0.947761
0.974439
0.805757
0.918325
0.868818
0.857669
0.721054
0.214201
0.013285
0.679061
0.173161
0.542931
0.586478
0.496668
0.547086
0.762862
0.517207
0.521560
0.778300
0.009703
0.600006
0.735802
0.202354
0.834564
0.242245
0.016792
0.417843
0.251786
0.772948
0.245753
0.857504
0.720709
0.220193
0.663261
0.639034
0.089010
0.520929
0.360088
0.303211
0.534214
0.039149
0.476372
0.077146
0.625627
0.973040
0.624231
0.388489
0.490247
0.145791
0.166789
0.499951
0.745797
0.902591
0.702305
0.580361
0.144835
0.719096
0.998205
0.396621
0.492045
0.243958
0.254125
0.212754
0.464151
0.917386
0.851788
0.553161
0.438315
0.211876
0.856372
0.972529
0.251025
0.332744
0.049675
0.876652
0.305784
0.673906
0.265141
0.796031
0.819697
0.431930
0.295982
0.565494
0.334520
0.998286
0.145855
0.479355
0.717383
0.144060
0.875977
0.209427
0.388018
0.130102
0.422181
0.852169
0.047488
0.273969
0.405330
0.485803
0.485844
0.261702
0.458332
0.736869
0.594445
0.508007
0.613521
0.900229
0.181913
0.878662
0.696260
0.001610
0.310592
0.992242
0.567104
0.645112
0.990529
0.712960
0.124467
0.707911
0.857020
0.000444
0.917339
0.245038
0.130545
0.339519
0.097207
0.178033
0.613488
0.502536
0.663836
0.099332
0.764238
0.122168
0.836202
0.358683
0.630175
0.449723
0.258913
0.812088
0.328385
0.955173
0.813698
0.638976
0.947415
0.380803
0.284088
0.937944
0.093762
0.408555
0.645856
0.950782
0.408999
0.563194
0.195820
0.539544
0.902713
0.293027
0.717578
0.516202
0.795563
0.381413
0.615534
0.559801
0.503581
0.451736
0.918484
0.133756
0.901458
0.177397
0.945844
0.229843
0.132570
0.759542
0.868819
0.079986
0.140345
0.152908
0.017930
0.234107
0.561463
0.663786
0.184889
0.970462
0.226980
0.380709
0.510006
0.129693
0.673736
0.227584
0.645895
0.469299
0.608997
0.261429
0.029100
0.112578
0.713164
0.947584
0.246334
0.614623
0.124982
0.192177
0.844466
0.257552
0.951719
0.713285
0.337538
0.092064
0.866193
0.355468
0.326171
0.427656
0.019254
0.511060
0.398117
0.246233
0.891769
0.908124
0.375926
0.565504
0.135707
0.021821
0.034803
0.744704
0.283250
0.063903
0.857282
0.996414
0.011488
0.103616
0.611037
0.136469
0.295793
0.455503
0.394021
0.247513
0.168788
0.731559
0.339577
0.034981
0.087027
0.665747
0.462637
0.106281
0.176807
0.860754
0.352514
0.068576
0.768877
0.728441
0.634080
0.904585
0.750262
0.668884
0.649289
0.033512
0.732787
0.506571
0.029926
0.744275
0.610187
0.640963
0.880744
0.905980
0.096466
0.274766
0.153493
0.265254
0.006325
0.493069
0.300235
0.093352
0.158817
0.762872
0.199633
0.335624
0.623626
0.552148
0.404199
0.392503
0.280588
0.038280
0.297088
0.030850
0.707163
0.946377
0.064362
0.439950
0.452948
0.094289
0.184225
0.063135
0.735252
0.064969
0.969115
0.831718
0.339735
0.122607
0.096973
0.346060
0.615677
0.397208
0.439412
0.774493
0.160080
0.639045
0.110117
0.783706
0.191193
0.514317
0.176209
0.471781
0.552596
0.473297
0.502631
0.259760
0.419674
0.566994
0.699710
0.872622
0.661282
0.883935
0.935757
0.396534
0.948904
0.904871
0.228252
0.288639
0.027479
0.325225
0.634699
0.643156
0.722433
0.074111
0.417649
0.882513
0.713157
0.527766
0.666219
0.904350
0.042083
0.842428
0.376131
0.594679
0.315725
0.878763
0.854439
0.735399
0.445756
0.554149
0.608021
0.107038
0.438084
0.543778
0.503573
0.386988
0.448649
0.731825
0.675628
0.476128
0.057050
0.310327
0.119284
0.779483
0.384438
0.536933
0.661996
0.097595
0.064699
0.328215
0.001945
0.106782
0.170643
0.378076
0.701462
0.486369
0.256838
0.555901
0.221768
0.702595
0.110050
0.829790
0.809633
0.548134
0.373568
0.313206
0.935122
0.822217
0.045031
0.610750
0.298345
0.102080
0.921076
0.417629
0.881563
0.305514
0.954562
0.543559
0.403109
0.019262
0.871775
0.405054
0.126044
0.042418
0.783129
0.827506
0.528787
0.039968
0.383407
0.750555
0.742562
0.493456
0.580345
0.552195
0.041590
0.953912
0.865401
0.976712
0.776129
0.910431
0.587462
0.074475
0.012512
0.508538
0.492104
0.894075
0.814052
0.446666
0.437635
0.217161
0.465928
0.309409
0.622215
0.591972
0.351827
0.405344
0.419478
0.880614
0.445312
0.802885
0.631169
0.187874
0.296341
0.211513
0.740069
0.337931
0.165426
0.605470
0.314643
0.941555
0.515902
0.902105
0.016030
0.528413
0.410642
0.508133
0.422489
0.224694
0.954799
0.860123
0.441855
0.420727
0.169532
0.064070
0.012699
0.521359
0.469414
0.432177
0.401973
0.914725
0.235062
0.033142
0.102599
0.531403
0.244655
0.842668
0.869333
0.410081
0.448138
0.183976
0.351636
0.964040
0.086081
0.367665
0.492453
0.496723
0.875799
0.914942
0.721417
0.830598
0.775065
0.163273
0.251325
0.944597
0.227342
0.264025
0.465956
0.696756
0.696202
0.867929
0.611481
0.931263
0.901071
0.714080
0.462666
0.145726
0.556748
0.331999
0.555807
0.004887
0.515976
0.907443
0.968927
0.602057
0.275108
0.461380
0.098780
0.150907
0.376321
0.820197
0.981505
0.151386
0.983470
0.232830
0.095983
0.210812
0.496855
0.561939
0.907568
0.193056
0.429869
0.519049
0.124320
0.330940
0.233129
0.586985
0.476666
0.789878
0.918985
0.032473
0.794764
0.434961
0.939916
0.763691
0.037017
0.215024
0.225071
0.135797
0.365931
0.601392
0.955995
0.347435
0.752778
0.939464
0.580265
0.848761
0.150276
0.077120
0.410700
0.057844
0.270176
0.840569
0.576893
0.394496
0.171509
0.810023
0.981481
0.648174
0.599900
0.900466
0.680647
0.394665
0.335427
0.620563
0.158356
0.372444
0.835587
0.383426
0.508241
0.201518
0.984818
0.464236
0.548953
0.737596
0.403700
0.129219
0.586358
0.553977
0.206339
0.997058
0.611821
0.476515
0.837627
0.188715
0.871010
0.009135
0.998737
0.852492
0.657310
0.598638
0.752958
0.337957
0.993302
0.088385
0.958520
0.151658
0.460829
0.794107
0.535085
0.969070
0.995625
0.519903
0.433306
0.544578
0.257500
0.837006
0.673797
0.843857
0.390983
0.880135
0.840915
0.002804
0.356650
0.678542
0.191519
0.227661
0.687678
0.190256
0.080152
0.344987
0.788894
0.833110
0.682944
0.782196
0.921495
0.641465
0.933854
0.382323
0.435572
0.468939
0.351393
0.431197
0.988842
0.784699
0.975775
0.246342
0.621705
0.649572
0.090199
0.012688
0.529707
0.931114
0.015492
0.886357
0.609656
0.207011
0.114018
0.297334
0.397267
0.194170
0.642321
0.186161
0.027280
0.325265
0.968357
0.948775
0.966730
0.902212
0.331098
0.402302
0.371151
0.682491
0.833499
0.359993
0.467190
0.809274
0.606334
0.088894
0.458846
0.696533
0.101582
0.988553
0.627647
0.117074
0.874911
0.237303
0.324085
0.988929
0.534637
0.721352
0.183099
0.176957
0.907513
0.210379
0.502223
0.875870
0.159154
0.468953
0.778082
0.490252
0.871255
0.149233
0.172742
0.704754
0.509225
0.639932
0.514028
0.115560
0.728826
0.972874
0.812093
0.830409
0.961427
0.439740
0.947483
0.836338
0.677043
0.271568
0.825267
0.211680
0.992921
0.008365
0.388637
0.900434
0.218745
0.890860
0.776304
0.377898
0.359813
0.554386
0.868150
0.231067
0.703619
0.040892
0.935821
0.212844
0.680824
0.449849
0.328404
0.409650
0.422722
0.140497
0.240059
0.384149
0.580237
0.187542
0.220487
0.257280
0.459110
0.045753
0.468960
0.452031
0.054119
0.857597
0.352465
0.272863
0.748457
0.128769
0.650762
0.108270
0.683155
0.518912
0.339337
0.386773
0.559804
0.275158
0.599617
0.240628
0.725007
0.928021
0.650278
0.147729
0.068518
0.890337
0.531878
0.648755
0.077879
0.752365
0.906036
0.536989
0.798118
0.374996
0.989020
0.852237
0.232593
0.341484
0.125101
0.981050
0.470253
0.775862
0.089320
0.153407
0.294774
0.428657
0.540181
0.854578
0.703815
0.139798
0.095205
0.428822
0.067820
0.745483
0.576551
0.136338
0.635820
0.108428
0.785093
0.713699
0.860793
0.691129
0.250688
0.658912
0.066125
0.239707
0.511149
0.298717
0.581192
0.636250
0.279767
0.051444
0.412112
0.369087
0.204852
0.706886
0.797744
0.745032
0.561464
0.501559
0.884831
0.656669
0.930381
0.952650
0.402153
0.506931
0.088988
0.037973
0.615360
0.874082
0.751672
0.476153
0.565211
0.002360
0.135065
0.631335
0.242067
0.646214
0.930053
0.823259
0.282464
0.209820
0.874703
0.694576
0.578907
0.079555
0.401463
0.376651
0.824587
0.962927
0.878210
0.709418
0.619596
0.808591
0.662069
0.021748
0.315522
0.751057
0.059722
0.930882
0.625139
0.811394
0.407035
0.190350
0.813754
0.542100
0.821685
0.055821
0.188315
0.751738
0.879080
0.470779
0.961558
0.753783
0.165355
0.540465
0.833338
0.566818
0.917116
0.657925
0.529745
0.795326
0.367343
0.149340
0.603917
0.029412
0.171089
0.919439
0.780469
0.230810
0.850321
0.405608
0.042204
0.257356
0.595958
0.855958
0.799456
0.417643
0.911778
0.987771
0.169381
0.790858
0.458550
0.130938
0.544641
0.623906
0.671403
0.377979
0.190724
0.588519
0.035905
0.720469
0.383844
0.403248
0.869809
0.987761
0.432660
0.040898
0.907199
0.213129
0.271709
0.757520
0.618737
0.313913
0.014876
0.214695
0.169870
0.814333
0.632338
0.081649
0.802104
0.801719
0.872507
0.260654
0.932657
0.417148
0.884560
0.604060
0.795128
0.075284
0.192579
0.831032
0.795752
0.576423
0.234280
0.665561
0.564184
0.666940
0.706459
0.471383
0.880069
0.978168
0.228903
0.498806
0.292081
0.243779
0.713501
0.461951
0.058112
0.345839
0.543599
0.860216
0.147558
0.416106
0.120870
0.080216
0.833255
0.005430
0.684276
0.628382
0.080713
0.876855
0.459414
0.876466
0.453277
0.693694
0.542027
0.017461
0.360634
0.248487
0.488844
0.240703
0.226655
0.717747
0.739510
0.518735
0.961526
0.453011
0.980686
0.019638
0.798851
0.524285
0.879853
0.946409
0.940391
0.000723
0.026624
0.773646
0.006152
0.710900
0.402028
0.086866
0.587755
0.861443
0.963331
0.041032
0.555137
0.505359
0.058493
0.915771
0.753845
0.547337
0.156475
0.980500
0.265084
0.895985
0.499235
0.226610
0.348996
0.479921
0.246247
0.147846
0.004206
0.126100
0.094255
0.944597
0.126823
0.120880
0.718243
0.132975
0.831780
0.120272
0.219841
0.419535
0.981714
0.183172
0.460567
0.536851
0.688531
0.519060
0.452622
0.442376
0.066397
0.609097
0.422876
0.331481
0.505082
0.922111
0.558090
0.854077
0.402032
0.804337
0.001924
0.406238
0.930437
0.096179
0.350835
0.057260
0.217058
0.069079
0.190235
0.048838
0.189350
0.410076
0.468373
0.171065
0.593248
0.928940
0.707916
0.281779
0.448000
0.160538
0.724155
0.514397
0.769635
0.147031
0.845878
0.274717
0.069142
0.403968
0.128795
0.471174
0.208305
0.130718
0.877412
0.138742
0.226897
0.228248
0.196003
0.443955
0.297326
0.386238
0.492794
0.486677
0.796314
0.961167
0.657741
0.389562
0.890107
0.365657
0.671341
0.338107
0.526195
0.395497
0.852504
0.295830
0.542528
0.698381
0.570547
0.611671
0.102349
0.699342
0.082845
0.310655
0.830060
0.960257
0.449397
0.056957
0.188505
0.645400
0.500913
0.485831
0.031637
0.993706
0.972508
0.827951
0.954873
0.630249
0.217513
0.844980
0.995906
0.888855
0.183086
0.522101
0.284352
0.035590
0.817931
0.826880
0.733971
0.388478
0.438551
0.836321
0.087820
0.521396
0.146975
0.917880
0.481653
0.596372
0.974837
0.670157
0.241772
0.475750
0.155989
0.273409
0.469456
0.128496
0.101360
0.424330
0.758745
0.318874
0.269309
0.754651
0.207729
0.452396
0.276752
0.492080
0.487986
0.094683
0.318960
0.221957
0.483162
0.757511
0.058278
0.570982
0.278907
0.205254
0.488862
0.760559
0.801626
0.463699
0.430717
0.043398
0.939449
0.586705
0.316807
0.408906
0.715202
0.418168
0.833235
0.473947
0.737042
0.102545
0.228598
0.944770
0.554941
0.505350
0.436850
0.042927
0.600034
0.755811
0.264884
0.083195
0.513322
0.323162
0.654177
0.792228
0.528416
0.143039
0.552787
0.330042
0.606738
0.983504
0.373440
0.546187
0.570209
0.690247
0.955093
0.285411
0.108415
0.788328
0.759358
0.845457
0.890873
0.987956
0.790227
0.445814
0.493306
0.227077
0.488740
0.093340
0.982888
0.753624
0.176535
0.496210
0.076786
0.830712
0.288438
0.605202
0.973750
0.841225
0.935244
0.580488
0.824729
0.308684
0.126675
0.394939
0.998931
0.081769
0.680350
0.107346
0.870097
0.439708
0.952803
0.760970
0.427664
0.743029
0.206784
0.920970
0.970107
0.695525
0.014310
0.952995
0.449149
0.190845
0.449204
0.525935
0.021556
0.737642
0.131138
0.995306
0.578867
0.066382
0.575795
0.403596
0.375066
0.702470
0.798535
0.373997
0.784239
0.478885
0.481343
0.654336
0.918592
0.434145
0.415306
0.346256
0.177174
0.622090
0.267226
0.147281
0.317615
0.281535
0.100275
0.766764
0.472380
0.549480
0.292699
0.493936
0.287121
0.423837
0.489242
0.865989
0.490219
0.065037
0.269585
0.865284
0.767507
0.068120
0.239281
0.551746
0.547005
0.720623
0.206081
0.465597
0.154768
0.621387
0.811853
0.331943
0.243477
0.079079
0.479224
0.561092
0.360614
0.579499
0.327856
0.832994
0.128979
0.620555
0.326930
0.416100
0.044392
0.816173
0.282089
0.534610
0.881210
0.551674
0.399895
0.648717
0.619794
0.639176
0.200463
0.166799
0.359799
0.406544
0.632396
0.514568
0.027932
0.444249
0.846510
0.271409
0.523328
0.325734
0.832501
0.883942
0.905233
0.160357
0.716936
0.034212
0.780912
0.043866
0.450312
0.825303
0.860039
0.732401
0.359914
0.741249
0.284074
0.759809
0.389966
0.903868
0.398984
0.590429
0.070667
0.758783
0.996973
0.703063
0.273351
0.024905
0.147312
0.119861
0.296314
0.670639
0.445595
0.128815
0.554582
0.350828
0.289172
0.271518
0.385040
0.070083
0.315384
0.835352
0.895387
0.175423
0.567753
0.255301
0.916672
0.851827
0.015109
0.306638
0.755696
0.414094
0.897067
0.826362
0.172877
0.894040
0.529425
0.446228
0.918945
0.676737
0.566089
0.215258
0.347376
0.011685
0.344073
0.901958
0.362513
0.633245
0.173475
0.747553
0.703328
0.488859
0.582906
0.598715
0.664283
0.150659
0.854015
0.580954
0.002486
0.869125
0.887592
0.758182
0.283218
0.784659
0.584544
0.456095
0.678699
0.113969
0.902323
0.597643
0.790706
0.468413
0.812902
0.138082
0.480097
0.156975
0.040040
0.842610
0.790219
0.213515
0.590164
0.493547
0.702375
0.173069
0.092262
0.366657
0.323728
0.946277
0.947612
0.326214
0.815401
0.835204
0.084396
0.098620
0.619863
0.668940
0.554715
0.298562
0.782909
0.457038
0.896205
0.573615
0.925451
0.709107
0.711697
0.405548
0.866081
0.751737
0.248158
0.656301
0.965252
0.838322
0.149848
0.667627
0.011391
0.242109
0.034284
0.335119
0.188386
0.981895
0.661333
0.003788
0.817099
0.745729
0.102408
0.436962
0.414669
0.657122
0.735524
0.197577
0.114161
0.631729
0.771192
0.039611
0.340836
0.482889
0.445159
0.206917
0.234625
0.693317
0.863217
0.199877
0.531639
0.013065
0.867504
0.543030
0.255175
0.901787
0.878149
0.443561
0.883683
0.539483
0.447349
0.700782
0.285211
0.549756
0.137745
0.699880
0.206879
0.873269
0.897457
0.321040
0.504998
0.668650
0.360651
0.845833
0.151538
0.805810
0.052750
0.386164
0.499128
0.915968
0.586041
0.030767
0.929033
0.453544
0.573797
0.184208
0.355332
0.451947
0.627769
0.239014
0.991429
0.075118
0.939797
0.276641
0.624874
0.077541
0.976521
0.831753
0.950810
0.873978
0.152793
0.455808
0.542628
0.513444
0.301641
0.694166
0.319254
0.354392
0.080329
0.818382
0.270360
0.666370
0.849149
0.199393
0.119914
0.422946
0.383600
0.475246
0.874892
0.011369
0.714260
0.866321
0.086487
0.654057
0.142962
0.711361
0.731598
0.119482
0.543114
0.682408
0.993460
0.695907
0.138216
0.536088
0.209351
0.439858
0.230254
0.528605
0.794250
0.310583
0.346987
0.064609
0.976953
0.196135
0.264002
0.096867
0.619081
0.647602
0.572113
0.493973
0.658972
0.286374
0.360295
0.745459
0.940431
0.503257
0.456820
0.672029
0.622739
0.999934
0.354437
0.616200
0.695841
0.492654
0.152288
0.905192
0.932512
0.382541
0.433797
0.726761
0.693124
0.780784
0.791370
0.670077
0.976919
0.055372
0.766945
0.596000
0.702975
0.339058
0.089974
0.361946
0.625431
0.450269
0.107405
0.565862
0.953525
0.564225
0.237891
0.576265
0.564159
0.592328
0.192464
0.260000
0.084982
0.344752
0.165192
0.017494
0.727293
0.598989
0.744255
0.420417
0.379773
0.535625
0.090495
0.356692
0.590998
0.857440
0.952693
0.293973
0.196497
0.042667
0.655919
0.821929
0.492935
0.763324
0.387791
0.446461
0.327549
0.625682
0.022726
0.891708
0.218010
0.215190
0.151708
0.302992
0.559942
0.316900
0.320486
0.287235
0.915889
0.064741
0.707652
0.295662
0.600367
0.798147
0.652354
0.191364
0.655587
0.605047
0.485337
0.852084
0.647714
0.141256
0.674013
0.140649
0.904580
0.061804
0.587110
0.232128
0.687486
0.609836
0.123836
0.905496
0.825026
0.275544
0.208488
0.384968
0.592443
0.528975
0.672202
0.508332
0.593716
0.379855
0.803994
0.194082
0.178002
0.456348
0.385447
0.833589
0.061396
0.870784
0.685673
0.709110
0.012039
0.359686
0.849759
0.916619
0.421489
0.436869
0.148748
0.108975
0.046705
0.272584
0.014471
0.871731
0.548127
0.222959
0.256698
0.140570
0.751934
0.928901
0.648902
0.345650
0.308756
0.452897
0.539732
0.486757
0.909245
0.925179
0.320346
0.970641
0.795963
0.006019
0.679750
0.808002
0.365705
0.529509
0.724622
0.787194
0.966378
0.873369
0.896169
0.013083
0.145953
0.910640
0.884814
0.694080
0.133599
0.141512
0.834650
0.885533
0.070413
0.483553
0.231183
0.379169
0.936449
0.770915
0.865926
0.845694
0.696095
0.186272
0.816335
0.492057
0.192291
0.496085
0.300060
0.557996
0.025594
0.024681
0.345190
0.991973
0.898050
0.241359
0.005056
0.044003
0.151999
0.889870
0.738083
0.285598
0.031382
0.572733
0.171131
0.101795
0.056286
0.402314
0.480964
0.992735
0.173230
0.346890
0.838429
0.869324
0.533162
0.654764
0.361382
0.725453
0.150850
0.661441
0.283449
0.176444
0.686123
0.628638
0.168417
0.584173
0.869997
0.173472
0.628176
0.021995
0.063342
0.366259
0.307593
0.094724
0.938993
0.478724
0.196519
0.995279
0.881038
0.677483
0.988014
0.054268
0.024373
0.826443
0.923592
0.557535
0.481207
0.284974
0.282988
0.632057
0.946415
0.566436
0.808501
0.632538
0.195075
0.976918
0.216711
0.065071
0.150391
0.844888
0.087067
0.213733
0.211147
0.394660
0.308457
0.150140
0.873385
0.504976
0.145418
0.754423
0.182459
0.133432
0.808691
0.206832
0.959875
0.732283
0.764367
0.441083
0.017257
0.047354
0.073140
0.963672
0.613791
0.881641
0.596210
0.808865
0.858559
0.812921
0.873937
0.008950
0.657809
0.961004
0.222682
0.868956
0.355664
0.531139
0.019096
0.229048
0.036116
0.164515
0.983471
0.218575
0.297947
0.792162
0.425408
0.257822
0.524445
0.189774
0.698904
0.541702
0.237129
0.772044
0.505374
0.850920
0.653685
0.101585
0.659785
0.512244
0.914506
0.533722
0.521194
0.572315
0.494726
0.743876
0.441272
0.850390
0.275016
0.460368
0.079438
0.311132
0.624882
0.062909
0.529707
0.922829
0.855072
0.955115
0.180650
0.379517
0.144889
0.879555
0.921219
0.382018
0.651599
0.426594
0.232938
0.305284
0.528179
0.892723
0.817528
0.442685
0.426445
0.338722
0.015000
0.921171
0.082599
0.456272
0.771561
0.357615
0.916639
0.850999
0.668747
0.541522
0.913908
0.198454
0.464351
0.768980
0.153569
0.645001
0.148497
0.298458
0.524556
0.069716
0.680476
0.176155
0.496310
0.913415
0.481439
0.024489
0.806138
0.298967
0.467173
0.232583
0.637689
0.482173
0.153754
0.720288
0.938445
0.925315
0.077903
0.855085
0.776313
0.746650
0.396606
0.690221
0.945103
0.860957
0.459201
0.098672
0.505958
0.607697
0.397130
0.030514
0.677414
0.077607
0.206668
0.173724
0.991021
0.688107
0.198212
0.797159
0.987074
0.665385
0.029742
0.624764
0.147559
0.183496
0.345052
0.086004
0.108811
0.422955
0.941089
0.885124
0.169604
0.337695
0.575345
0.114708
0.198652
0.034546
0.213380
0.704609
0.642243
0.610510
0.735123
0.319657
0.688116
0.941791
0.493380
0.679138
0.629899
0.691593
0.476297
0.616973
0.356978
0.506039
0.241736
0.504537
0.689535
0.586788
0.590541
0.798346
0.009743
0.531629
0.683470
0.179347
0.869324
0.258815
0.294055
0.067976
0.293361
0.507434
0.772585
0.935604
0.117944
0.507708
0.255261
0.806061
0.449500
0.748642
0.485198
0.079398
0.440234
0.961495
0.696371
0.797212
0.467534
0.938107
0.301749
0.157069
0.524895
0.892290
0.955415
0.534638
0.423919
0.638885
0.713985
0.293243
0.897700
0.008039
0.361219
0.191061
0.515474
0.133804
0.126666
0.633418
0.641512
0.381927
0.439479
0.091012
0.130569
0.924677
0.170410
0.570803
0.886172
0.866781
0.368015
0.353706
0.804888
0.669765
0.510775
0.329783
0.562054
0.466190
0.864421
0.985973
0.105075
0.578405
0.279216
0.002776
0.586445
0.640435
0.193837
0.101919
0.774239
0.320503
0.735337
0.415751
0.702430
0.174816
0.506763
0.832998
0.099493
0.677173
0.403802
0.985666
0.543954
0.771817
0.339372
0.348842
0.441581
0.850148
0.678625
0.003636
0.316338
0.543045
0.989609
0.421413
0.121451
0.268825
0.424189
0.707896
0.909260
0.618026
0.809815
0.683499
0.938529
0.545152
0.099250
0.640958
0.719968
0.606013
0.473957
0.819461
0.283185
0.877758
0.805127
0.827139
0.649575
0.144499
0.175981
0.091157
0.994647
0.854606
0.094792
0.310985
0.397651
0.084402
0.732398
0.519102
0.353227
0.156587
0.226998
0.262487
0.774613
0.036812
0.945987
0.713142
0.581964
0.045237
0.354100
0.301932
0.651249
0.828057
0.121394
0.934435
0.705815
0.926521
0.761574
0.355391
0.071020
0.937555
0.446547
0.065667
0.792160
0.541340
0.376651
0.189811
0.625741
0.109050
0.708913
0.978968
0.265637
0.935911
0.241456
0.040250
0.972723
0.187442
0.753392
0.554688
0.232679
0.107493
0.856620
0.883928
0.935550
0.978013
0.818363
0.641365
0.904534
0.579937
0.996756
0.975554
0.517491
0.443303
0.041220
0.309652
0.984643
0.417872
0.499463
0.610384
0.526921
0.208376
0.589352
0.792558
0.144287
0.830808
0.832808
0.117010
0.018250
0.586201
0.671698
0.250929
0.693693
0.528318
0.134858
0.629243
0.506331
0.953220
0.270608
0.410865
0.533157
0.267363
0.386418
0.050649
0.710666
0.427639
0.360300
0.695309
0.845511
0.859763
0.305692
0.372432
0.068139
0.895045
0.164990
0.212427
0.725853
0.997799
0.329437
0.744103
0.583999
0.001135
0.995032
0.277692
0.529452
0.129890
0.906935
0.035783
0.083110
0.177543
0.446648
0.616267
0.444906
0.833066
0.666916
0.155572
0.260705
0.027216
0.850881
0.106216
0.886980
0.156573
0.478648
0.955119
0.051618
0.643639
0.167546
0.777470
0.641437
0.496982
0.521573
0.225436
0.498117
0.516605
0.503128
0.027570
0.646495
0.410063
0.063353
0.729605
0.587606
0.510001
0.345872
0.032512
0.343068
0.012788
0.188084
0.603773
0.040005
0.038964
0.709989
0.926984
0.195537
0.188637
0.882103
0.247155
0.832276
0.049649
0.024625
0.473713
0.546631
0.546198
0.699149
0.044749
0.062803
0.202277
0.072318
0.709298
0.612341
0.135672
0.438903
0.199946
0.645673
0.784775
0.232458
0.988740
0.797564
0.420541
0.592513
0.837568
0.459505
0.302503
0.764552
0.655042
0.491140
0.646656
0.902197
0.323416
0.696304
0.926822
0.797129
0.242936
0.473020
0.496278
0.287684
0.535823
0.698556
0.360002
0.245121
0.310896
0.495674
0.684024
0.510842
0.141347
0.468800
0.743300
0.130087
0.266363
0.163842
0.722600
0.103932
0.623347
0.025103
0.868484
0.278389
0.516243
0.515139
0.180587
0.839659
0.211444
0.107409
0.636789
0.454379
0.580429
0.133067
0.742063
0.116253
0.831623
0.102066
0.361374
0.142519
0.597740
0.045399
0.653361
0.739086
0.514198
0.396662
0.869173
0.780562
0.560503
0.591774
0.884493
0.183850
0.616877
0.752977
0.462239
0.133120
0.268117
0.642826
0.972780
0.479560
0.750235
0.609568
0.933940
0.330664
0.742635
0.676003
0.446917
0.574258
0.778069
0.808291
0.716777
0.375809
0.853690
0.370138
0.114895
0.367888
0.766800
0.984068
0.148450
0.327303
0.575842
0.032943
0.511153
0.192719
0.785920
0.973392
0.325839
0.054036
0.616218
0.298619
0.533596
0.366453
0.908187
0.467536
0.697117
0.650822
0.143539
0.144034
0.225080
0.921608
0.952325
0.941857
0.297416
0.806015
0.311995
0.412311
0.173903
0.078795
0.396380
0.322352
0.406097
0.972222
0.355295
0.917250
0.164941
0.141215
0.890642
0.490781
0.195251
0.506860
0.789400
0.728847
0.873313
0.697587
0.196383
0.570430
0.348409
0.339922
0.714464
0.573489
0.261530
0.666789
0.515346
0.558947
0.472803
0.827341
0.971258
0.646706
0.906136
0.367638
0.969058
0.312233
0.339860
0.324353
0.229483
0.504801
0.465567
0.120125
0.995582
0.660818
0.626985
0.784981
0.389665
0.500298
0.482568
0.586049
0.070728
0.830977
0.925971
0.785191
0.404467
0.187501
0.451980
0.919813
0.746448
0.924783
0.747154
0.717706
0.571489
0.653290
0.085344
0.540547
0.965523
0.425204
0.864900
0.195006
0.930005
0.330468
0.315131
0.925587
0.991286
0.942116
0.710568
0.380951
0.442414
0.193136
0.967000
0.513141
0.024114
0.892971
0.298332
0.428581
0.080472
0.750312
0.348394
0.826920
0.675095
0.095548
0.544626
0.246585
0.748838
0.629969
0.787132
0.714361
0.055173
0.652032
0.909367
0.985179
0.982500
0.224498
0.910765
0.973785
0.166614
0.621333
0.354737
0.609027
0.814470
0.321736
0.122168
0.838583
0.214707
0.420501
0.267164
0.295178
0.170813
0.615558
0.122098
0.845909
0.711106
0.666723
0.092493
0.459944
0.296693
0.879625
0.174305
0.351866
0.531657
0.083672
0.337045
0.514156
0.308170
0.247810
0.487942
0.474784
0.869144
0.842678
0.083811
0.683613
0.164415
0.205980
0.522197
0.379122
0.626481
0.789361
0.674300
0.797294
0.404919
0.796398
0.643202
0.116024
0.463121
0.735695
0.575968
0.759814
0.615320
0.750274
0.111681
0.146977
0.833946
0.448726
0.661134
0.142116
0.696536
0.149076
0.616900
0.565680
0.991754
0.700712
0.249293
0.156169
0.906691
0.771490
0.535290
0.533172
0.560851
0.209590
0.330465
0.965769
0.005988
0.973668
0.081794
0.469110
0.709363
0.657762
0.228924
0.324683
0.408035
0.340605
0.471660
0.241981
0.789330
0.132794
0.384098
0.485866
0.281870
0.000998
0.051546
0.273624
0.701709
0.300839
0.429793
0.608401
0.072328
0.965083
0.141572
0.633179
0.174673
0.472038
0.598948
0.180661
0.445705
0.680742
0.649771
0.155068
0.338504
0.878695
0.479752
0.746539
0.219299
0.951412
0.988521
0.008629
0.084206
0.372618
0.494495
0.366076
0.373616
0.546041
0.639699
0.075326
0.846880
0.069492
0.683726
0.919208
0.034575
0.825299
0.552387
0.209248
0.297337
0.151336
0.389909
0.743042
0.832078
0.039680
0.898110
0.170581
0.918375
0.377862
0.917121
0.137674
0.329274
0.905641
0.146303
0.413480
0.278260
0.640799
0.779555
0.651876
0.186840
0.419255
0.727202
0.033719
0.488746
0.410928
0.952927
0.523321
0.236227
0.505315
0.732569
0.533563
0.656650
0.122478
0.276605
0.488728
0.162157
0.174715
0.659309
0.080532
0.552577
0.576430
0.218206
0.881851
0.482071
0.364509
0.295331
0.760331
0.005308
0.074886
0.412207
0.192147
0.494140
0.139409
0.225867
0.982887
0.550336
0.178794
0.506208
0.786563
0.684109
0.238776
0.320126
0.340759
0.361254
0.596731
0.829487
0.523411
0.771446
0.488797
0.603943
0.324023
0.065227
0.822149
0.205874
0.547298
0.186658
0.501205
0.307630
0.191966
0.576091
0.719837
0.384113
0.070231
0.859245
0.609979
0.053117
0.409582
0.788774
0.559325
0.196145
0.472882
0.798101
0.516271
0.813642
0.159355
0.113002
0.643129
0.682766
0.884448
0.131926
0.286709
0.208471
0.197153
0.108858
0.414345
0.744452
0.295516
0.915550
0.052081
0.487481
0.491641
0.771918
0.871594
0.561871
0.631163
0.481574
0.614989
0.040745
0.270347
0.174314
0.236890
0.743230
0.972415
0.753161
0.556872
0.131770
0.866162
0.200001
0.814536
0.750610
0.331927
0.101245
0.959081
0.529080
0.210103
0.373427
0.273532
0.505619
0.288977
0.325613
0.993100
0.780617
0.097531
0.864694
0.342489
0.728694
0.346268
0.957478
0.769439
0.616615
0.131792
0.006329
0.359845
0.104207
0.759490
0.916717
0.235976
0.625652
0.116718
0.050512
0.376262
0.448645
0.151757
0.335344
0.977725
0.361859
0.708770
0.251256
0.867478
0.997747
0.576869
0.860578
0.778365
0.674400
0.725272
0.120854
0.403094
0.071540
0.078331
0.172533
0.688156
0.210123
0.178862
0.048001
0.314330
0.938352
0.964718
0.550306
0.564004
0.081436
0.600818
0.940266
0.530080
0.752575
0.275610
0.507805
0.114434
0.984380
0.759061
0.981912
0.982128
0.335931
0.842489
0.760492
0.010330
0.567761
0.881346
0.413424
0.639301
0.959677
0.585957
0.327457
0.169800
0.764819
0.375458
0.484130
0.703171
0.340176
0.034436
0.267175
0.421611
0.635254
0.207441
0.951691
0.387829
0.483051
0.459497
0.502262
0.467431
0.218558
0.484174
0.449559
0.554489
0.326663
0.210051
0.564819
0.894424
0.091397
0.978243
0.533726
0.051074
0.564201
0.861183
0.220875
0.329020
0.236641
0.705005
0.032191
0.576817
0.739441
0.299367
0.998428
0.374695
0.506808
0.950119
0.762524
0.989859
0.409616
0.264786
0.457291
0.628174
0.748960
0.906850
0.182662
0.075623
0.116901
0.747481
0.970048
0.208298
0.725725
0.503774
0.259373
0.289925
0.364957
0.480247
0.618945
0.601597
0.185252
0.651137
0.178414
0.924693
0.950503
0.176842
0.299388
0.457312
0.126961
0.061912
0.447171
0.536577
0.326698
0.904461
0.164750
0.075658
0.811311
0.347413
0.151282
0.928212
0.094894
0.121329
0.136510
0.820618
0.625103
0.395883
0.110544
0.990059
0.876130
0.729489
0.591657
0.061382
0.380626
0.770071
0.986076
0.331129
0.946913
0.285464
0.788441
0.073874
0.347377
0.235612
0.610450
0.674075
0.140073
0.775201
0.749733
0.951384
0.122613
0.901015
0.879596
0.217507
0.022344
0.016106
0.038126
0.647447
0.411989
0.148669
0.637507
0.288119
0.878159
0.229164
0.349501
0.258785
0.999234
0.335577
0.589914
0.946147
0.621042
0.378355
0.020021
0.968418
0.613967
0.630471
0.642493
0.754040
0.405672
0.392226
0.705424
0.528285
0.293241
0.585020
0.745793
0.315585
0.601126
0.783918
0.963032
0.013115
0.932588
0.600539
0.301233
0.810746
0.829703
0.650735
0.069531
0.828937
0.986312
0.659445
0.775084
0.607354
0.037800
0.795105
0.575772
0.651766
0.425576
0.218264
0.405806
0.831249
0.610491
0.111230
0.359534
0.903732
0.696249
0.105327
0.219317
0.297375
0.889245
0.182349
0.310489
0.821833
0.782888
0.611723
0.632580
0.612591
0.262458
0.702111
0.441528
0.248770
0.361555
0.216612
0.856123
0.399355
0.011718
0.431895
0.051122
0.437294
0.650159
0.456928
0.268543
0.260650
0.568157
0.628077
0.164382
0.264407
0.733403
0.383699
0.561781
0.622649
0.566048
0.872271
0.444482
0.348936
0.483994
0.077061
0.961527
0.746452
0.779172
0.403056
0.995221
0.140727
0.619668
0.851345
0.540082
0.631386
0.283240
0.591204
0.068680
0.933399
0.048132
0.337222
0.194049
0.616289
0.965299
0.358431
0.880696
0.698702
0.742129
0.442477
0.321351
0.308177
0.314748
0.765833
0.657114
0.798742
0.842894
0.618641
0.545194
0.622065
0.021697
0.540415
0.762792
0.641365
0.391760
0.302875
0.272751
0.675000
0.894079
0.341431
0.608399
0.942211
0.678653
0.802448
0.558500
0.643952
0.160879
0.439196
0.342655
0.903008
0.881673
0.664005
0.211185
0.196422
0.429838
0.868299
0.995164
0.272732
0.486940
0.540357
0.894797
0.508637
0.080773
0.657589
0.150002
0.472532
0.960464
0.422753
0.147532
0.854543
0.764183
0.755931
0.796754
0.442836
0.558379
0.355254
0.086788
0.719257
0.794450
0.429443
0.622265
0.676123
0.093448
0.833450
0.872545
0.523286
0.701749
0.867708
0.796018
0.188689
0.408066
0.690814
0.697326
0.488838
0.348404
0.847328
0.961371
0.308867
0.270081
0.108903
0.163410
0.034264
0.864834
0.960164
0.477100
0.423212
0.315417
0.563888
0.142470
0.109867
0.993331
0.764735
0.785990
0.086779
0.598185
0.658535
0.610065
0.299935
0.526243
0.406083
0.488624
0.934309
0.096897
0.185950
0.423147
0.445301
0.033278
0.384518
0.754168
0.303359
0.493420
0.917578
0.337623
0.358254
0.877742
0.814723
0.781466
0.193160
0.378611
0.923936
0.303027
0.371941
0.688671
0.089017
0.458720
0.286856
0.747551
0.068786
0.586791
0.273794
0.474868
0.075415
0.208103
0.571766
0.261365
0.631250
0.017066
0.294643
0.015767
0.771235
0.598002
0.509187
0.688813
0.935625
0.867441
0.566555
0.750347
0.648908
0.759715
0.128958
0.572844
0.062741
0.500899
0.261515
0.151758
0.959620
0.548371
0.899310
0.028405
0.135162
0.173104
0.503274
0.210577
0.381207
0.075039
0.471942
0.012456
0.092106
0.766585
0.028224
0.863340
0.364587
0.537411
0.552153
0.300212
0.404852
0.118709
0.050559
0.053760
0.878423
0.179517
0.626604
0.941165
0.680416
0.888119
0.092923
0.640036
0.436490
0.992233
0.668441
0.571652
0.165337
0.171715
0.782229
0.546544
0.246754
0.254170
0.559000
0.338859
0.020755
0.587224
0.202200
0.385342
0.124635
0.754353
0.685554
0.529487
0.873062
0.736113
0.583248
0.751485
0.915629
0.209852
0.692650
0.596046
0.097971
0.785573
0.236082
0.534461
0.777806
0.904523
0.106113
0.943143
0.076237
0.888342
0.489686
0.322991
0.142512
0.048687
0.661851
0.163267
0.635911
0.864051
0.548609
0.760545
0.618404
0.234162
0.290033
0.491465
0.970275
0.873281
0.242950
0.885904
0.083133
0.935600
0.481950
0.181104
0.721173
0.718031
0.715565
0.498978
0.622554
0.821678
0.442121
0.698792
0.710020
0.931808
0.021783
0.852531
0.980494
0.683634
0.015798
0.616405
0.547684
0.564407
0.376950
0.166088
0.798569
0.666983
0.657553
0.768843
0.540264
0.900504
0.654748
0.623396
0.836104
0.136697
0.804500
0.557276
0.854729
0.520065
0.056255
0.477283
0.341742
0.498376
0.176075
0.051762
0.430183
0.197857
0.904293
0.410678
0.881491
0.920091
0.027083
0.429176
0.484498
0.404033
0.595264
0.283067
0.071016
0.252817
0.051910
0.611280
0.153321
0.706658
0.234676
0.989424
0.843355
0.039176
0.546701
0.698084
0.559241
0.602956
0.175367
0.900983
0.101331
0.351441
0.952745
0.531515
0.549299
0.857039
0.942193
0.430790
0.777130
0.969276
0.859966
0.261628
0.373309
0.455230
0.544695
0.444325
0.708047
0.596605
0.055605
0.861368
0.303263
0.290282
0.850792
0.146618
0.329458
0.397493
0.844702
0.888699
0.000448
0.020069
0.789683
0.101780
0.371510
0.742428
0.633295
0.920809
0.599467
0.575487
0.351599
0.376597
0.544763
0.211564
0.638225
0.918072
0.666794
0.182920
0.362397
0.374841
0.779525
0.418002
0.236208
0.082787
0.708284
0.087000
0.229405
0.037742
0.484493
0.074107
0.926442
0.484942
0.094176
0.716124
0.586721
0.465686
0.458552
0.220016
0.386494
0.058019
0.795503
0.738093
0.434615
0.340266
0.949657
0.072840
0.258338
0.616451
0.255760
0.620735
0.991292
0.035285
0.038737
0.227501
0.118072
0.747021
0.314501
0.347478
0.784764
0.798994
0.421585
0.711206
0.283936
0.515761
0.427330
0.870657
0.981446
0.885882
0.090673
0.367941
0.943901
0.886177
0.106033
0.378516
0.226443
0.055691
0.451356
0.484781
0.672142
0.707116
0.105516
0.663435
0.742401
0.144253
0.890935
0.860473
0.891275
0.205436
0.207950
0.676038
0.004431
0.629535
0.387244
0.288367
0.145296
0.814574
0.159024
0.126742
0.700455
0.249697
0.494682
0.644356
0.135874
0.600716
0.022872
0.362317
0.656407
0.474228
0.847098
0.328549
0.181344
0.952614
0.991984
0.923745
0.096867
0.882919
0.784218
0.988142
0.088355
0.992169
0.664180
0.092786
0.621704
0.051424
0.381152
0.766999
0.865998
0.540176
0.893741
0.566453
0.789873
0.388424
0.210809
0.925747
0.989140
0.233681
0.288064
0.645547
0.707909
0.135162
0.974096
0.889254
0.087776
0.966080
0.812999
0.184643
0.848998
0.597217
0.172784
0.937353
0.589386
0.836964
0.030139
0.211089
0.888388
0.411291
0.978089
0.754386
0.951467
0.871830
0.320839
0.741340
0.260254
0.531648
0.667088
0.249394
0.765329
0.955152
0.894940
0.473238
0.090314
0.869036
0.362492
0.178089
0.835116
0.175491
0.362732
0.684114
0.772708
0.535517
0.621467
0.362093
0.372481
0.651606
0.573183
0.260869
0.062898
0.551271
0.015255
0.014365
0.423102
0.336094
0.755705
0.683356
0.867742
0.422793
0.932749
0.633071
0.377944
0.827690
0.106310
0.468258
0.696726
0.468802
0.646347
0.531842
0.644292
0.009080
0.215956
0.417000
0.544596
0.837423
0.779094
0.917077
0.489030
0.352276
0.177946
0.551927
0.903548
0.193201
0.566292
0.326649
0.529295
0.321997
0.010005
0.397037
0.744790
0.942754
0.030108
0.122734
0.770444
0.136417
0.590992
0.467170
0.605219
0.237339
0.999011
0.249511
0.246419
0.214967
0.666511
0.791015
0.052390
0.445605
0.708092
0.541420
0.797881
0.886037
0.093347
0.701429
0.079238
0.659639
0.028078
0.608533
0.981636
0.038083
0.005569
0.726426
0.980837
0.035677
0.849160
0.751281
0.172094
0.440152
0.218450
0.777313
0.677491
0.217462
0.026824
0.923909
0.432429
0.693335
0.714924
0.484819
0.138940
0.423016
0.026239
0.936822
0.309053
0.119586
0.638251
0.388291
0.779226
0.666329
0.996824
0.760862
0.704412
0.002393
0.487288
0.685249
0.038070
0.336448
0.436529
0.210165
0.776599
0.654980
0.987477
0.454090
0.872441
0.014301
0.378000
0.304870
0.707637
0.092924
0.789689
0.846577
0.515940
0.815928
0.783399
0.824993
0.935515
0.421650
0.213284
0.714740
0.087979
0.210108
0.475602
0.792391
0.212501
0.962890
0.477640
0.250572
0.299337
0.914169
0.460736
0.075937
0.569149
0.448214
0.530027
0.441590
0.462515
0.908026
0.746460
0.170152
0.000950
0.536149
0.016729
0.516890
0.352078
0.800129
0.341882
0.287593
0.221779
0.555166
0.002333
0.309758
0.765274
0.477935
0.102148
0.977776
0.440825
0.579788
0.228348
0.740163
0.493957
0.689084
0.816099
0.063106
0.137298
0.346126
0.504696
0.599813
0.254152
0.251157
0.769965
0.255102
0.787306
0.786694
0.771992
0.139384
0.586823
0.113874
0.426976
0.808602
0.669041
0.429309
0.118359
0.434315
0.907244
0.220508
0.412091
0.348070
0.800296
0.640439
0.088232
0.294253
0.329522
0.904332
0.357359
0.466820
0.250458
0.862055
0.066633
0.504610
0.113212
0.836597
0.759713
0.900518
0.623292
0.531705
0.039901
0.210115
0.645579
0.466878
0.018716
0.314620
0.896187
0.137075
0.748935
0.803431
0.357583
0.161026
0.151501
0.157878
0.801464
0.239733
0.452131
0.130987
0.144065
0.809491
0.597807
0.394523
0.671546
0.664439
0.899133
0.784758
0.501037
0.658845
0.685276
0.124328
0.190550
0.725177
0.334443
0.836129
0.192055
0.353159
0.150749
0.088242
0.490234
0.899684
0.891673
0.847817
0.060709
0.043174
0.005696
0.862174
0.282907
0.457827
0.993161
0.426972
0.267318
0.590967
0.821495
0.938864
0.255407
0.720628
0.723622
0.756443
0.379473
0.408898
0.880772
0.570023
0.134075
0.215215
0.406152
0.326130
0.568374
0.556900
0.414372
0.058608
0.456584
0.306045
0.906426
0.517293
0.349220
0.912121
0.379467
0.632127
0.369948
0.372628
0.059099
0.637266
0.963595
0.880594
0.576130
0.219002
0.601222
0.299751
0.975445
0.980695
0.708649
0.856217
0.550717
0.842724
0.071432
0.956869
0.168854
0.639806
0.513769
0.583226
0.698415
0.970353
0.889272
0.604840
0.487646
0.238491
0.516961
0.867113
0.870618
0.886910
0.239741
0.929717
0.524176
0.203336
0.810312
0.100305
0.422337
0.411534
0.400057
0.397783
0.392229
0.108706
0.254000
0.942946
0.951430
0.325432
0.899815
0.120284
0.965238
0.413584
0.703510
0.663653
0.383937
0.592782
0.268493
0.871583
0.831273
0.785454
0.738696
0.701891
0.672364
0.978436
0.631608
0.196539
0.181772
0.441920
0.296845
0.604109
0.853454
0.696901
0.001892
0.245682
0.805607
0.255892
0.188628
0.757037
0.581324
0.088443
0.877321
0.546562
0.502027
0.580831
0.210215
0.885964
0.173613
0.478707
0.757547
0.004886
0.264162
0.496243
0.706777
0.936525
0.474679
0.338385
0.133065
0.656451
0.780305
0.429910
0.260561
0.633759
0.126811
0.262453
0.879442
0.932418
0.518345
0.068070
0.689455
0.099669
0.156513
0.566776
0.646231
0.658541
0.147608
0.856445
0.544505
0.321221
0.335153
0.302052
0.326107
0.599314
0.798295
0.032884
0.535840
0.272975
0.371270
0.668905
0.929426
0.151575
0.098815
0.189987
0.785334
0.225626
0.452440
0.664776
0.158044
0.970784
0.732846
0.847499
0.070453
0.889359
0.414276
0.716684
0.547900
0.561884
0.573129
0.092405
0.883105
0.908282
0.394457
0.209212
0.507597
0.192752
0.242096
0.043437
0.465727
0.613366
0.712342
0.395153
0.764941
0.811156
0.585139
0.550276
0.036782
0.037579
0.215052
0.194826
0.008363
0.947898
0.042326
0.078816
0.837257
0.456601
0.795500
0.385157
0.018485
0.368630
0.477562
0.901590
0.276912
0.872019
0.110802
0.784509
0.064771
0.352899
0.827945
0.530498
0.966265
0.540287
0.925650
0.731206
0.351443
0.510790
0.281481
0.388225
0.548368
0.496533
0.583051
0.556732
0.444431
0.625377
0.635548
0.281688
0.081978
0.431048
0.666845
0.100463
0.799678
0.144407
0.002054
0.076590
0.016426
0.112856
0.861099
0.081197
0.465754
0.689044
0.611695
0.432019
0.229331
0.537345
0.163225
0.580774
0.048135
0.444706
0.968999
0.596503
0.941239
0.552050
0.153235
0.385670
0.177427
0.788783
0.667358
0.259405
0.219831
0.334202
0.359869
0.019509
0.478609
0.361922
0.096099
0.495035
0.474778
0.957198
0.576231
0.940532
0.646242
0.187926
0.372551
0.875573
0.725271
0.535776
0.456346
0.773406
0.980482
0.425346
0.369909
0.921722
0.977396
0.523144
0.307392
0.154823
0.311927
0.974749
0.414229
0.531758
0.308952
0.774097
0.551268
0.787561
0.136020
0.647367
0.282596
0.610798
0.604565
0.858827
0.551330
0.250806
0.046753
0.923882
0.126379
0.772024
0.459658
0.582725
0.545430
0.440140
0.008071
0.915340
0.361862
0.985467
0.438484
0.669254
0.140290
0.750411
0.644003
0.554519
0.282169
0.952955
0.328616
0.833437
0.740516
0.464636
0.480804
0.023112
0.075434
0.085368
0.881939
0.626764
0.336175
0.928692
0.550645
0.462554
0.700716
0.010303
0.045279
0.246146
0.450444
0.053350
0.161486
0.812306
0.038817
0.599970
0.481560
0.179107
0.350381
0.125563
0.733625
0.632550
0.078519
0.062241
0.465987
0.819035
0.526877
0.946791
0.842146
0.602310
0.032159
0.724085
0.229074
0.368334
0.652777
0.779720
0.830888
0.353493
0.790023
0.876166
0.599639
0.240467
0.929516
0.761124
0.052773
0.968333
0.361094
0.534334
0.147440
0.711475
0.659897
0.881065
0.344024
0.738416
0.943306
0.810011
0.557450
0.470183
0.756802
0.399597
0.072493
0.788961
0.123682
0.301568
0.157295
0.776459
0.081287
0.988183
0.129952
0.871311
0.864349
0.729590
0.111778
0.793866
0.490715
0.164551
0.762198
0.851809
0.698885
0.909638
0.563283
0.358782
0.790703
0.907308
0.097197
0.734009
0.717319
0.654648
0.204191
0.474122
0.054245
0.276685
0.263083
0.177927
0.578252
0.420379
0.954386
0.659540
0.408562
0.084338
0.530850
0.272911
0.813928
0.642628
0.066776
0.304643
0.807179
0.828975
0.156452
0.506064
0.738613
0.719735
0.864846
0.529315
0.627043
0.962043
0.263324
0.344363
0.616691
0.467515
0.818484
0.670936
0.744200
0.081568
0.848862
0.322452
0.501946
0.803248
0.981992
0.910508
0.887586
0.512842
0.183419
0.701514
0.155470
0.250195
0.006157
0.962649
0.079170
0.162609
0.468713
0.817782
0.882344
0.333559
0.347098
0.509387
0.295602
0.610422
0.853750
0.912292
0.077937
0.672235
0.583228
0.822137
0.753802
0.432090
0.144589
0.255749
0.235339
0.126582
0.166256
0.122925
0.639424
0.349675
0.824439
0.794894
0.599870
0.830595
0.757543
0.679040
0.993204
0.226256
0.496822
0.875548
0.559815
0.843920
0.384936
0.855417
0.454341
0.238686
0.767709
0.532278
0.910921
0.350937
0.354415
0.664723
0.783027
0.499005
0.920471
0.018366
0.625586
0.086728
0.141291
0.265010
0.436403
0.965729
0.059904
0.036273
0.796325
0.817447
0.715313
0.789529
0.043703
0.212135
0.665077
0.603518
0.056054
0.050013
0.458935
0.510396
0.288699
0.226644
0.042674
0.199619
0.577581
0.397090
0.864342
0.360608
0.896094
0.784813
0.378974
0.521681
0.871541
0.520265
0.786691
0.307944
0.485994
0.846595
0.344217
0.282319
0.664042
0.059529
0.071848
0.707745
0.271664
0.736925
0.311263
0.327718
0.786938
0.770198
0.838114
0.075636
0.996842
0.880789
0.275255
0.574422
0.277878
0.139597
0.935030
0.173972
0.924411
0.314004
0.695653
0.795952
0.834269
0.482344
0.103896
0.320263
0.328938