0.336560
0.321573
0.022374
0.217551
0.169277
0.581169
0.263105
0.929531
0.613572
0.630978
0.484512
0.982014
0.164342
0.605401
0.751867
0.108995
0.701454
0.949235
0.492037
0.487198
0.170500
0.124742
0.493451
0.705815
0.461263
0.180380
0.898791
0.968490
0.096177
0.127473
0.322489
0.432738
0.449046
0.344863
0.650289
0.618323
0.926032
0.913394
0.547854
0.539604
0.544372
0.032367
0.521619
0.708714
0.637768
0.273486
0.817709
0.339222
0.222722
0.309746
0.826419
0.393221
0.434488
0.319870
0.099036
0.895750
0.500250
0.997827
0.864241
0.596427
0.125300
0.186730
0.029165
0.574347
0.531592
0.679454
0.192670
0.457624
0.592849
0.740524
0.997229
0.137221
0.772891
0.518847
0.845935
0.410659
0.792334
0.663644
0.749881
0.015055
0.973390
0.576300
0.408277
0.407878
0.896170
0.507312
0.303629
0.396419
0.505140
0.167869
0.992847
0.630440
0.354599
0.022011
0.204787
0.886192
0.701466
0.397457
0.343816
0.294314
0.137981
0.341045
0.431535
0.910872
0.859892
0.277470
0.321531
0.652226
0.941114
0.071411
0.667281
0.914504
0.647711
0.075557
0.322382
0.543881
0.582870
0.626011
0.940300
0.088010
0.793880
0.933147
0.718450
0.148479
0.955158
0.923236
0.034671
0.656624
0.320693
0.378487
0.950939
0.458674
0.719532
0.382474
0.369546
0.579424
0.659944
0.691077
0.231650
0.601057
0.762488
0.898931
0.515561
0.410199
0.974488
0.837944
0.954080
0.557358
0.463954
0.894381
0.645368
0.257835
0.827528
0.363817
0.406314
0.782686
0.287053
0.440985
0.439310
0.607746
0.819471
0.390249
0.066420
0.539003
0.772723
0.435966
0.118427
0.432666
0.127042
0.350077
0.033723
0.889530
0.249007
0.549285
0.299729
0.223495
0.387228
0.253810
0.780853
0.851183
0.148190
0.426221
0.109017
0.975718
0.790038
0.515331
0.758404
0.077091
0.956316
0.197714
0.684837
0.775787
0.587963
0.751257
0.314790
0.360686
0.187223
0.433217
0.793352
0.314265
0.783294
0.827075
0.203795
0.032301
0.376360
0.503524
0.255796
0.763588
0.757334
0.036649
0.614771
0.905524
0.462870
0.723788
0.881242
0.252907
0.239119
0.639646
0.329998
0.195435
0.837361
0.014835
0.971222
0.425324
0.766093
0.286012
0.786010
0.953315
0.719230
0.579362
0.267580
0.502523
0.406437
0.471374
0.534824
0.782798
0.974898
0.790620
0.546386
0.732232
0.827269
0.161157
0.637756
0.290138
0.884945
0.518998
0.543046
0.124065
0.158645
0.873044
0.319500
0.996005
0.887880
0.290722
0.421329
0.653972
0.576734
0.207339
0.607287
0.295964
0.786701
0.874867
0.798487
0.193138
0.346241
0.333311
0.975936
0.321139
0.123931
0.522322
0.053371
0.951200
0.683479
0.691127
0.241338
0.568424
0.210126
0.784384
0.692489
0.368770
0.657428
0.011988
0.364775
0.545308
0.302710
0.786104
0.199280
0.879444
0.993443
0.806567
0.175407
0.780144
0.681433
0.973894
0.973283
0.027674
0.307205
0.949218
0.348814
0.431136
0.471540
0.402185
0.382336
0.155019
0.093312
0.623674
0.723443
0.303438
0.408058
0.415932
0.672208
0.065486
0.427920
0.036984
0.610794
0.730630
0.823088
0.810074
0.610074
0.816531
0.616640
0.785481
0.596676
0.298074
0.759375
0.569958
0.325748
0.066580
0.519177
0.674562
0.497716
0.990717
0.076747
0.880051
0.145736
0.170059
0.503725
0.869179
0.473497
0.911783
0.285111
0.145706
0.977270
0.713031
0.182689
0.588064
0.443661
0.005777
0.398137
0.053735
0.822308
0.014778
0.839215
0.418984
0.312852
0.598590
0.988943
0.638600
0.665170
0.508120
0.313162
0.162886
0.498837
0.389909
0.042937
0.644573
0.559969
0.546662
0.513753
0.033466
0.458446
0.798864
0.179172
0.435715
0.511895
0.361861
0.023779
0.955556
0.367638
0.421916
0.009291
0.189947
0.436694
0.848506
0.608931
0.749546
0.447096
0.597874
0.388146
0.112267
0.105993
0.701308
0.275152
0.604830
0.091217
0.318090
0.249403
0.651186
0.864752
0.763156
0.684652
0.323198
0.562020
0.863824
0.758913
0.073915
0.225685
0.782692
0.029471
0.593323
0.204609
0.038761
0.783269
0.641303
0.887268
0.392200
0.390848
0.334364
0.990074
0.778994
0.446631
0.096067
0.480302
0.721783
0.700897
0.571520
0.039873
0.950300
0.222706
0.904625
0.713456
0.907358
0.227823
0.275476
0.771182
0.986736
0.349390
0.996867
0.769428
0.378861
0.590190
0.974037
0.417623
0.373460
0.615340
0.304890
0.765660
0.006188
0.639254
0.755734
0.785182
0.085885
0.851801
0.265485
0.807668
0.552698
0.837004
0.847540
0.502998
0.059710
0.752165
0.216454
0.967068
0.979988
0.491930
0.738250
0.966724
0.841320
0.735117
0.736152
0.220181
0.325307
0.710189
0.637804
0.698767
0.325529
0.942694
0.464427
0.331717
0.581948
0.220160
0.116899
0.667833
0.071961
0.382384
0.475501
0.624658
0.219388
0.323041
0.127656
0.279098
0.075206
0.344110
0.246166
0.055194
0.836040
0.984416
0.021918
0.677360
0.719533
0.758070
0.897541
0.044841
0.468260
0.535345
0.743607
0.793789
0.478039
0.208034
0.125506
0.059988
0.428194
0.242405
0.727821
0.500155
0.624789
0.203321
0.124813
0.844177
0.526362
0.252469
0.123275
0.601569
0.596579
0.369441
0.656763
0.432619
0.353857
0.678681
0.109979
0.073391
0.436752
0.007520
0.118231
0.905011
0.542866
0.861839
0.698800
0.020905
0.069873
0.824306
0.080893
0.498067
0.066711
0.808713
0.998221
0.691500
0.012035
0.123034
0.535677
0.538397
0.375503
0.658952
0.139966
0.972082
0.028393
0.796729
0.404701
0.382250
0.475410
0.514680
0.455641
0.912162
0.522201
0.573872
0.817174
0.065066
0.435711
0.515974
0.085972
0.505583
0.340280
0.166864
0.003650
0.406991
0.975578
0.001871
0.098491
0.987612
0.124905
0.634168
0.526010
0.500408
0.293120
0.665976
0.472490
0.321513
0.462705
0.877192
0.703763
0.938115
0.391872
0.159404
0.850278
0.914073
0.733275
0.667451
0.979139
0.168986
0.183425
0.065110
0.674569
0.523705
0.231975
0.678219
0.930697
0.207553
0.680090
0.029188
0.195165
0.804996
0.663356
0.721175
0.305404
0.956476
0.387150
0.777894
0.277989
0.849855
0.655086
0.981752
0.787971
0.046958
0.141155
0.638248
0.961030
0.874431
0.305699
0.940169
0.043417
0.489125
0.005280
0.717986
0.012830
0.237255
0.396205
0.943527
0.444807
0.076296
0.972714
0.639972
0.881292
0.636070
0.361147
0.186695
0.592546
0.748297
0.964590
0.870535
0.598152
0.619676
0.852287
0.386123
0.666634
0.993442
0.024371
0.627664
0.867873
0.330070
0.567834
0.911290
0.819195
0.573114
0.629276
0.832025
0.810368
0.025481
0.775552
0.255175
0.101777
0.748266
0.895147
0.983069
0.384336
0.256294
0.169764
0.976883
0.004591
0.134354
0.847418
0.602743
0.754030
0.699705
0.988866
0.420664
0.693147
0.013236
0.048328
0.561020
0.343307
0.616162
0.472310
0.162502
0.189276
0.101586
0.994527
0.999644
0.127068
0.770078
0.254819
0.228845
0.518344
0.149966
0.211914
0.902681
0.406260
0.381678
0.879563
0.410851
0.516032
0.726981
0.013594
0.270062
0.426686
0.002459
0.690726
0.119833
0.015696
0.739055
0.680854
0.359002
0.355217
0.153164
0.521504
0.544492
0.254750
0.516031
0.544136
0.381817
0.286109
0.798955
0.610662
0.804453
0.948921
0.822576
0.707134
0.355181
0.204254
0.586697
0.766032
0.720286
0.313679
0.779625
0.990349
0.740365
0.782085
0.681075
0.860198
0.797780
0.420130
0.541052
0.156783
0.775346
0.694215
0.678286
0.319839
0.948965
0.194317
0.863975
0.330783
0.480426
0.662930
0.941445
0.284879
0.611851
0.764021
0.992013
0.967031
0.968276
0.578710
0.733063
0.688562
0.892389
0.512688
0.678911
0.632754
0.294773
0.359986
0.492952
0.092553
0.780115
0.034004
0.249336
0.555462
0.728219
0.927622
0.875300
0.677184
0.121939
0.739275
0.007967
0.602365
0.402205
0.949412
0.887244
0.014055
0.713434
0.879257
0.981087
0.681709
0.457967
0.714150
0.370271
0.350356
0.226838
0.049182
0.983110
0.521611
0.409168
0.476062
0.614164
0.189283
0.510065
0.863499
0.744745
0.238284
0.791121
0.620045
0.915468
0.913060
0.359320
0.923435
0.515425
0.761525
0.872848
0.402669
0.775580
0.586281
0.281926
0.756667
0.267991
0.739893
0.470816
0.638262
0.090249
0.697654
0.687444
0.073359
0.219265
0.096612
0.549420
0.833429
0.285895
0.059485
0.696928
0.030640
0.297770
0.488049
0.650685
0.213238
0.401110
0.010006
0.136673
0.916535
0.771531
0.009521
0.319203
0.547111
0.595803
0.601129
0.303778
0.863793
0.341022
0.774594
0.502055
0.431271
0.472248
0.189499
0.504630
0.691514
0.286111
0.054050
0.524942
0.572006
0.113535
0.221870
0.602646
0.411305
0.709919
0.253332
0.624543
0.111029
0.263337
0.761217
0.027564
0.034868
0.770738
0.346767
0.581979
0.366540
0.947896
0.885756
0.230334
0.288918
0.660350
0.732389
0.720189
0.132599
0.921888
0.224819
0.824112
0.207999
0.278869
0.349054
0.780005
0.392404
0.570925
0.382652
0.803709
0.280844
0.635983
0.428253
0.391873
0.899320
0.189469
0.419437
0.934188
0.960207
0.766204
0.516167
0.326747
0.714100
0.401923
0.557081
0.003018
0.062273
0.289469
0.723208
0.194872
0.211357
0.948026
0.018984
0.419356
0.226895
0.368039
0.199361
0.619300
0.938963
0.582013
0.423009
0.219807
0.217996
0.851262
0.611681
0.117317
0.040731
0.031117
0.051505
0.000938
0.797321
0.567672
0.327685
0.511421
0.969594
0.884765
0.514440
0.031868
0.174235
0.237647
0.226739
0.385592
0.185674
0.245723
0.804948
0.412569
0.613762
0.004310
0.031869
0.552725
0.586323
0.454878
0.772533
0.804319
0.306140
0.384213
0.921635
0.346870
0.415331
0.973140
0.347808
0.212652
0.540812
0.675493
0.724073
0.510406
0.560258
0.238513
0.542274
0.734493
0.476160
0.769013
0.120085
0.661834
0.014736
0.925033
0.074403
0.628498
0.929343
0.106272
0.181224