0.160882
0.112748
0.734609
0.190299
0.775935
0.194784
0.287432
0.519206
0.855578
0.764743
0.542045
0.419714
0.760380
0.938949
0.936563
0.956535
0.490872
0.180128
0.816233
0.881209
0.783763
0.531832
0.076838
0.858430
0.269742
0.429223
0.008477
0.625311
0.408187
0.721492
0.158203
0.569070
0.834240
0.892812
0.759369
0.610174
0.087596
0.046801
0.129380
0.943174
0.811544
0.671425
0.362888
0.571924
0.610373
0.299451
0.528459
0.101245
0.479578
0.344692
0.982453
0.263341
0.876524
0.059291
0.121771
0.146266
0.488514
0.130248
0.771577
0.896701
0.851740
0.929780
0.465771
0.685980
0.822592
0.225139
0.296154
0.910189
0.271940
0.425534
0.853363
0.083484
0.096959
0.216250
0.655408
0.707332
0.515701
0.183867
0.808577
0.995279
0.528560
0.791031
0.258620
0.405083
0.850322
0.380391
0.551350
0.338836
0.510639
0.322927
0.235537
0.362380
0.252707
0.701308
0.048359
0.075300
0.926447
0.344514
0.985488
0.198387
0.770048
0.838851
0.281871
0.867007
0.055101
0.937279
0.574339
0.570802
0.121147
0.382916
0.566081
0.649706
0.173947
0.824701
0.054790
0.024269
0.205093
0.606139
0.363105
0.715732
0.929066
0.598642
0.078112
0.181774
0.299950
0.126471
0.257073
0.226397
0.470985
0.242561
0.424784
0.241032
0.081412
0.706655
0.108039
0.136513
0.643934
0.682378
0.707315
0.765081
0.065295
0.273397
0.414787
0.239242
0.098098
0.469576
0.263511
0.303191
0.075716
0.626616
0.018923
0.004782
0.225258
0.097034
0.186556
0.525208
0.223505
0.443629
0.751605
0.694490
0.686190
0.176388
0.935522
0.767602
0.883043
0.043561
0.904115
0.526977
0.725940
0.611431
0.292058
0.791235
0.884828
0.706845
0.030477
0.982926
0.176421
0.293988
0.286116
0.252137
0.920604
0.305039
0.256919
0.145863
0.402073
0.443474
0.671071
0.625578
0.887103
0.422676
0.320068
0.573293
0.599064
0.255591
0.340895
0.482107
0.299152
0.245011
0.009084
0.025092
0.856442
0.301142
0.816326
0.741269
0.007987
0.846803
0.724195
0.184408
0.140791
0.010311
0.436544
0.061395
0.315349
0.693463
0.207258
0.717422
0.136937
0.878329
0.343000
0.024040
0.301005
0.663069
0.597333
0.900069
0.918659
0.938229
0.382176
0.217811
0.183239
0.391261
0.242903
0.039681
0.692403
0.059229
0.780950
0.700390
0.906032
0.505145
0.884797
0.046823
0.515455
0.321342
0.108218
0.830805
0.014805
0.315476
0.548227
0.151742
0.193804
0.891227
0.175782
0.494809
0.554296
0.773116
0.394878
0.472955
0.711344
0.777054
0.690766
0.894584
0.168315
0.933669
0.934265
0.860718
0.992898
0.715215
0.561108
0.898931
0.220359
0.445905
0.945753
0.735814
0.767247
0.053971
0.566619
0.782051
0.369447
0.114846
0.933793
0.563251
0.006073
0.109576
0.058060
0.560369
0.882691
0.452938
0.033324
0.594036
0.229992
0.724090
0.488620
0.398307
0.657759
0.422884
0.259025
0.650658
0.138099
0.820133
0.549589
0.358458
0.266038
0.495342
0.094272
0.033285
0.549313
0.660891
0.815336
0.918760
0.775737
0.749129
0.482011
0.781809
0.858705
0.540071
0.342178
0.741396
0.993009
0.375502
0.335432
0.223001
0.099592
0.824052
0.621308
0.757352
0.246936
0.880334
0.408010
0.385035
0.700467
0.957598
0.743493
0.966505
0.452940
0.837765
0.999790
0.002253
0.498656
0.815126
0.921013
0.274393
0.564255
0.403024
0.056202
0.422960
0.943096
0.398381
0.164356
0.936105
0.773883
0.499789
0.159106
0.873475
0.323841
0.780414
0.630827
0.570777
0.660748
0.038836
0.955812
0.361214
0.996434
0.699305
0.327719
0.449374
0.537071
0.327509
0.451628
0.035727
0.142634
0.372641
0.310120
0.706889
0.775665
0.366322
0.129849
0.718761
0.764703
0.294206
0.654865
0.538585
0.793995
0.813971
0.412060
0.117835
0.594385
0.042887
0.688612
0.255133
0.081723
0.644425
0.616347
0.078158
0.343730
0.944066
0.527532
0.880801
0.271575
0.979159
0.916528
0.414209
0.351800
0.226648
0.121098
0.127465
0.592970
0.250948
0.846226
0.357673
0.545154
0.501092
0.896258
0.339148
0.315063
0.308319
0.456984
0.909448
0.351206
0.145596
0.164581
0.432929
0.790021
0.780929
0.511086
0.133751
0.724995
0.038618
0.014552
0.996570
0.017778
0.931079
0.410779
0.369578
0.157727
0.531877
0.497044
0.750697
0.782824
0.343270
0.108370
0.327978
0.844362
0.004628
0.667126
0.159425
0.312947
0.124110
0.068873
0.664152
0.269706
0.233455
0.097081
0.059727
0.014383
0.608168
0.193478
0.739378
0.646786
0.208029
0.735948
0.664564
0.139109
0.146726
0.034142
0.296836
0.678603
0.531186
0.047533
0.461428
0.874456
0.155902
0.789406
0.718817
0.160530
0.456532
0.878242
0.473477
0.580642
0.947115
0.137630
0.850348
0.180570
0.234711
0.910074
0.194953
0.842879
0.103552
0.934332
0.489665
0.311581
0.670279
0.154229
0.450690
0.817006
0.188371
0.747525
0.495609
0.719557
0.795058
0.957037
0.594012
0.950960
0.746442
0.312829
0.111491
0.202974
0.191071
0.584968
0.783616
0.138187
0.722597
0.633964
0.318756
0.957308
0.544038
0.513710
0.800187
0.647590
0.448041
0.289852
0.959171
0.118321
0.444081
0.409860
0.935327
0.632452
0.157386
0.430936
0.352009
0.952443
0.387972
0.946021
0.903404
0.134415
0.258851
0.014894
0.337389
0.449922
0.599862
0.121005
0.588109
0.322459
0.754969
0.906865
0.279767
0.299007
0.420575
0.079954
0.946597
0.868616
0.369806
0.905768
0.986937
0.813887
0.315628
0.922264
0.446339
0.473014
0.353200
0.798348
0.425457
0.741172
0.744369
0.328861
0.875587
0.003219
0.343755
0.212976
0.453141
0.943616
0.333981
0.041250
0.266075
0.088949
0.948115
0.545842
0.387956
0.368690
0.625796
0.334553
0.237306
0.995602
0.240321
0.224243
0.809489
0.555949
0.146507
0.255827
0.028962
0.499706
0.054175
0.454419
0.240878
0.798544
0.783280
0.116465
0.801763
0.127035
0.329440
0.254904
0.070651
0.663421
0.296154
0.336726
0.752370
0.244268
0.882568
0.140327
0.612958
0.508365
0.474880
0.850264
0.503967
0.715200
0.074507
0.313455
0.271149
0.221014
0.569283
0.300112
0.720720
0.623458
0.754531
0.961598
0.422001
0.537811
0.078063
0.223764
0.664846
0.407504
0.478668
0.735497
0.070925
0.774822
0.072223
0.823295
0.019090
0.954791
0.963622
0.632048
0.463156
0.438502
0.482312
0.967123
0.153702
0.556819
0.280578
0.424851
0.777832
0.849861
0.724963
0.498552
0.473319
0.479494
0.460151
0.895320
0.017305
0.538214
0.119084
0.682151
0.945718
0.597753
0.417648
0.016643
0.372575
0.489870
0.839938
0.391665
0.444662
0.803560
0.023713
0.907818
0.242062
0.506025
0.874941
0.395764
0.062844
0.155519
0.820615
0.840676
0.005380
0.545578
0.339229
0.478698
0.025072
0.799379
0.374018
0.042377
0.337593
0.493103
0.724527
0.283311
0.090855
0.142175
0.299953
0.463430
0.632045
0.139891
0.855095
0.076707
0.943451
0.878808
0.984525
0.185513
0.384833
0.859466
0.581276
0.447677
0.014985
0.401891
0.288353
0.020364
0.947469
0.627582
0.499062
0.972540
0.426961
0.873081
0.014917
0.764554
0.366184
0.739444
0.047865
0.457039
0.881619
0.347819
0.920469
0.513665
0.487710
0.775564
0.590372
0.431161
0.654372
0.574897
0.616674
0.039206
0.434363
0.197950
0.486883
0.449347
0.599841
0.775236
0.469711
0.547310
0.402818
0.968774
0.519850
0.829779
0.841855
0.534767
0.594334
0.208038
0.274211
0.642199
0.665077
0.155831
0.990017
0.585547
0.669495
0.477727
0.361111
0.259867
0.908888
0.015483
0.834764
0.525562
0.054689
0.269126
0.723512
0.541572
0.718474
0.323353
0.316808
0.188185
0.870663
0.719626
0.156959
0.390514
0.549406
0.998813
0.925281
0.143740
0.206852
0.199492
0.785938
0.871929
0.355323
0.775956
0.457476
0.024818
0.253683
0.818587
0.284685
0.162571
0.834070
0.119448
0.688132
0.888759
0.388575
0.411644
0.430330
0.107049
0.734998
0.747139
0.295234
0.605661
0.466765
0.452192
0.996174
0.016171
0.451006
0.921455
0.159910
0.657858
0.120947
0.945849
0.529787
0.476270
0.721804
0.987263
0.501088
0.975487
0.805849
0.785773
0.138057
0.639919
0.905221
0.826190
0.528677
0.293796
0.237834
0.959008
0.400845
0.972832
0.706146
0.696078
0.578493
0.172911
0.148271
0.574667
0.189082
0.599277
0.496123
0.348993
0.257134
0.617070
0.294841
0.786921
0.093340
0.016646
0.774184
0.594428
0.992132
0.580033
0.380200
0.130190
0.219952
0.285422
0.956380
0.748629
0.579217
0.194214
0.707637
0.980062
0.167046
0.413784
0.676140
0.745539
0.586695
0.824411
0.320206
0.775778
0.423688
0.816329
0.124770
0.680822
0.433399
0.419612
0.467743
0.526739
0.436257
0.241927
0.121167
0.428390
0.821960
0.501367
0.558580
0.041912
0.786789
0.514959
0.790542
0.366006
0.709173
0.498179
0.346068
0.876219
0.911963
0.022208
0.621758
0.498658
0.846619
0.941964
0.274436
0.270307
0.758293
0.399206
0.951129
0.191691
0.818818
0.418872
0.718430
0.255075
0.660799
0.839596
0.683465
0.482759
0.340964
0.242045
0.524672
0.127752
0.757004
0.315213
0.493758
0.466177
0.813393
0.839826
0.342396
0.725355
0.862035
0.964154
0.224014
0.708654
0.906118
0.498449
0.978961
0.664410
0.897655
0.930089
0.856102
0.716473
0.348961
0.574532
0.971548
0.009760
0.414128
0.655014
0.492520
0.755092
0.897058
0.017191
0.882844
0.654062
0.332405
0.376602
0.120239
0.145797
0.216428
0.462635
0.871152
0.078463
0.426789
0.095166
0.787117
0.332907
0.593615
0.766078
0.997317
0.491271
0.696167
0.853419
0.207744
0.045128
0.427950
0.179292
0.054888
0.842078
0.834306
0.547408
0.597170
0.731364
0.564599
0.480013
0.385426
0.897003
0.856615
0.505665
0.042801
0.073044
0.968300
0.913953
0.151507
0.395089
0.009119
0.938624
0.727996
0.602734
0.704702
0.725313
0.094005
0.400869
0.578732
0.301749
0.445997
0.006682
0.481041
0.500885
0.848760
0.315347
0.048293
0.445929
0.046712
0.612892
0.925943
0.432138
0.509895
0.782558
0.937803
0.552696
0.855602
0.906104
0.466648
0.007109
0.301193
0.475768
0.945733
0.029189
0.078502
0.650435
0.754502
0.172507
0.051304
0.333233
0.474256
0.497300
0.339915
0.955297
0.998185
0.188675
0.270645
0.046478
0.634604
0.317357
0.659370
0.560547
0.749494
0.169265
0.343105
0.687298
0.721960
0.198707
0.593401
0.188609
0.205816
0.894594
0.664376
0.151550
0.923783
0.742878
0.801984
0.678284
0.915385
0.853288
0.011518
0.389641
0.350588
0.351433
0.344938
0.348774
0.540108
0.615583
0.395251
0.174712
0.932940
0.054621
0.735259
0.682434
0.223886
0.078364
0.369732
0.945846
0.277072
0.963133
0.134454
0.482888
0.857727
0.798830
0.634438
0.781509
0.541708
0.436422
0.459794
0.457093
0.289710
0.471311
0.846734
0.640298
0.822744
0.191672
0.989072
0.362852
0.807255
0.384323
0.537564
0.740194
0.438944
0.272823
0.422628
0.662830
0.351187
0.792360
0.608676
0.628259
0.755493
0.743130
0.111147
0.613219
0.541960
0.745585
0.394728
0.083668
0.182007
0.854522
0.540761
0.471717
0.325834
0.387495
0.112015
0.148578
0.579167
0.101087
0.511430
0.386421
0.485410
0.048993
0.126616
0.924354
0.321816
0.549244
0.587184
0.673003
0.341604
0.195860
0.301262
0.097097
0.938990
0.412409
0.710316
0.480949
0.157993
0.105045
0.564618
0.340000
0.959567
0.105379
0.811717
0.285401
0.492873
0.923732
0.433978
0.072040
0.024819
0.945408
0.458461
0.510229
0.994401
0.585077
0.434583
0.316217
0.134321
0.021768
0.989220
0.475926
0.217627
0.290482
0.573023
0.156617
0.702891
0.283339
0.637566
0.860884
0.388384
0.202184
0.200884
0.347951
0.307562
0.012601
0.633351
0.800436
0.936333
0.067330
0.872476
0.961152
0.012738
0.330937
0.471381
0.007139
0.916014
0.905964
0.323357
0.050335
0.927731
0.312577
0.526261
0.145359
0.603059
0.099284
0.301976
0.305950
0.382624
0.939542
0.166834
0.771008
0.141726
0.367718
0.118958
0.449288
0.380320
0.752310
0.249724
0.316653
0.819640
0.122200
0.277804
0.832378
0.453137
0.749185
0.839517
0.369151
0.655149
0.162874
0.419486
0.582880
0.475451
0.945747
0.728239
0.078511
0.045032
0.030215
0.384461
0.427655
0.969757
0.551295
0.198663
0.111483
0.919014
0.317621
0.560771
0.299333
0.069931
0.810495
0.615986
0.889571
0.932695
0.893790
0.721949
0.385832
0.642975
0.561466
0.754982
0.298124
0.724340
0.174468
0.881004
0.199791
0.120216
0.609243
0.278302
0.165247
0.639458
0.662763
0.592903
0.609214
0.214058
0.791565
0.720697
0.133072
0.109187
0.281468
0.432405
0.179118
0.091963
0.048391
0.068689
0.024658
0.942181
0.790637
0.410489
0.585156
0.352103
0.165471
0.883280
0.076443
0.339939
0.764284
0.276235
0.460155
0.373527
0.554537
0.625403
0.012985
0.217300
0.218305
0.622199
0.431358
0.009871
0.342896
0.564430
0.119057
0.624363
0.996835
0.298175
0.716326
0.045226
0.366864
0.740983
0.987407
0.157501
0.151472
0.572563
0.509604
0.316944
0.455843
0.586048
0.656883
0.220128
0.862283
0.117038
0.593655
0.416819
0.742441
0.606639
0.634119
0.960746
0.228838
0.065477
0.970617
0.571734
0.629907
0.089674
0.196097
0.626742
0.387849
0.912423
0.671968
0.754712
0.653406
0.659375
0.912213
0.804879
0.231939
0.421818
0.121822
0.687782
0.007866
0.778706
0.907910
0.870148
0.895744
0.501565
0.286968
0.638184
0.108204
0.921087
0.598930
0.337043
0.986564
0.569547
0.908776
0.616471
0.659221
0.104874
0.243213
0.047069
0.017296
0.915181
0.801781
0.670703
0.574557
0.713994
0.475582
0.806496
0.135812
0.597404
0.494278
0.143677
0.376110
0.402188
0.013826
0.271853
0.903753
0.300793
0.910038
0.011957
0.221880
0.508968
0.348999
0.208444
0.078515
0.257776
0.824916
0.737736
0.362649
0.068129
0.784805
0.379946
0.983310
0.586586
0.050648
0.557867
0.300580
0.526230
0.364363
0.436392
0.123634
0.858641
0.580070
0.499744
0.260828
0.593896
0.771597
0.164581
0.894689
0.681635
0.176538
0.116569
0.190603
0.525537
0.325014
0.269119
0.783313
0.149929
0.006855
0.145962
0.218058
0.791659
0.525908
0.201368
0.378246
0.576556
0.759235
0.678826
0.102786
0.123598
0.115218
0.226420
0.982238
0.695288
0.726164
0.243067
0.289184
0.497762
0.407648
0.183873
0.179397
0.584185
0.300442
0.370000
0.109722
0.625456
0.639119
0.893035
0.775385
0.645973
0.038997
0.993443
0.437633
0.564905
0.194811
0.815878
0.141461
0.954046
0.494704
0.244247
0.077644
0.609923
0.470668
0.059882
0.305211
0.196832
0.302948
0.594395
0.694594
0.710596
0.778268
0.873990
0.294781
0.078710
0.243991
0.404504
0.704166
0.883110
0.297539
0.479551
0.529083
0.336536
0.472994
0.966716
0.901441
0.667805
0.782594
0.042902
0.621852
0.277298
0.287150
0.699495
0.887221
0.757818
0.759377
0.192432
0.954650
0.062326
0.786827
0.649243
0.772922
0.565095
0.523234
0.067703
0.643805
0.767225
0.472207
0.347971
0.650334
0.769746
0.827523
0.179417
0.106282
0.300517
0.146133
0.007724
0.968322
0.928727
0.050626
0.590174
0.206025
0.337776
0.289669
0.093247
0.095593
0.049046
0.285679
0.050243
0.111372
0.072506
0.699486
0.884294
0.637602
0.222720
0.951997
0.281407
0.989945
0.424204
0.629379
0.640279
0.193950
0.456901
0.819696
0.300232
0.757418
0.965829
0.307956
0.725740
0.894556
0.358582
0.315914
0.100581
0.696358
0.605583
0.193828
0.791951
0.654629
0.479507
0.842194
0.766001
0.552013
0.541680
0.650295
0.189615
0.764400
0.602292
0.471022
0.754345
0.026495
0.100401
0.394624
0.220445
0.557302
0.214320
0.520677
0.314720
0.180149
0.828633
0.040460
0.074705
0.187215
0.356374
0.175287
0.883573
0.961956
0.369115
0.675523
0.616586
0.848622
0.517717
0.382587
0.400635
0.059397
0.032882
0.590250
0.823798
0.635174
0.061273
0.578143
0.661669
0.161673
0.972767
0.882115
0.718975
0.187087
0.402792
0.033695
0.367237
0.231425
0.074155
0.441942
0.418640
0.430528
0.617229
0.302213
0.392485
0.986344
0.977736
0.009070
0.834965
0.495453
0.391658
0.235601
0.554851
0.424540
0.825851
0.378648
0.059714
0.887124
0.956791
0.721383
0.048797
0.929558
0.603498
0.767773
0.116645
0.006290
0.801468
0.483882
0.237715
0.875622
0.925824
0.656355
0.306151
0.543053
0.958568
0.698635
0.529397
0.936304
0.707706
0.364363
0.431758
0.099363
0.599963
0.986608
0.523903
0.425815
0.365256
0.583617
0.312938
0.322047
0.305000
0.361736
0.251605
0.908498
0.129508
0.368250
0.914788
0.930976
0.852132
0.152503
0.806598
0.777957
0.808858
0.112749
0.321010
0.767426
0.811384
0.850407
0.703731
0.519090
0.214769
0.135488
0.618454
0.814733
0.122096
0.142357
0.240547
0.487352
0.725974
0.553486
0.809399
0.030974
0.915221
0.061004
0.939473
0.044730
0.429254
0.854261
0.975706
0.281386
0.006764
0.782305
0.059343
0.815622
0.895054
0.380353
0.583048
0.706438
0.230760
0.286779
0.225528
0.445529
0.422267
0.843982
0.260262
0.544363
0.986339
0.500809
0.031716
0.712313
0.054295
0.841115
0.743288
0.969516
0.902119
0.682760
0.014246
0.331373
0.537021
0.989952
0.612760
0.543785
0.772257
0.672102
0.359407
0.667310
0.052455
0.942455
0.373748
0.283215
0.229234
0.599277
0.728744
0.651501
0.443259
0.989006
0.195865
0.429598
0.489815
0.227581
0.141911
0.544109
0.068696
0.885198
0.513626
0.970815
0.567959
0.527872
0.302188
0.104980
0.517824
0.914948
0.648765
0.290081
0.587051
0.008172
0.957391
0.639506
0.950627
0.331139
0.922720
0.179861
0.930416
0.651464
0.831363
0.373675
0.640470
0.027227
0.803273
0.130284
0.254808
0.945184
0.674394
0.323504
0.830382
0.188019
0.294319
0.398341
0.715891
0.596507
0.503321
0.233715
0.511455
0.152085
0.523795
0.098506
0.160257
0.481187
0.738012
0.110884
0.812326
0.660732
0.290745
0.742742
0.312196
0.122108
0.116417
0.952666
0.149335
0.919690
0.082950
0.404143
0.864874
0.757343
0.727647
0.695256
0.945363
0.021966
0.093597
0.661253
0.618473
0.596918
0.894968
0.129928
0.749003
0.418764
0.228434
0.909260
0.899950
0.966446
0.020144
0.712276
0.627178
0.310889
0.455018
0.939374
0.432996
0.571436
0.892040
0.582331
0.491126
0.974990
0.986474
0.356000
0.732333
0.714121
0.051256
0.677696
0.736087
0.144853
0.338949
0.354560
0.741770
0.233917
0.484488
0.490773
0.652681
0.712922
0.400033
0.552631
0.679368
0.420177
0.264907
0.306547
0.731066
0.719926
0.245921
0.164062
0.291361
0.137961
0.746393
0.782487
0.112951
0.732868
0.138487
0.845284
0.446989
0.189742
0.522980
0.183076
0.334595
0.861929
0.537635
0.076365
0.095847
0.022123
0.567139
0.748528
0.735045
0.967172
0.301159
0.414414
0.387349
0.566066
0.720961
0.118415
0.285992
0.966881
0.282477
0.577353
0.104843
0.028870
0.359840
0.217794
0.761738
0.498327
0.063078
0.208727
0.688069
0.586058
0.391803
0.022664
0.447988
0.929438
0.099029
0.543834
0.951561
0.666168
0.292362
0.686606
0.633340
0.593521
0.101020
0.020689
0.159588
0.821981
0.139104
0.445579
0.788862
0.421581
0.022932
0.893705
0.450451
0.382772
0.111498
0.212189
0.881099
0.174576
0.420916
0.569168
0.760634
0.812718
0.591831
0.208622
0.742156
0.690861
0.752456
0.693717
0.357029
0.044818
0.380323
0.990369
0.638339
0.481343
0.011058
0.797927
0.303324
0.150162
0.243506
0.092186
0.571742
0.266439
0.985890
0.022193
0.649211
0.097388
0.234382
0.530310
0.271964
0.655297
0.099478
0.032599
0.468016
0.691309
0.241220
0.210171
0.382170
0.993676
0.903888
0.739199
0.038494
0.284211
0.729567
0.676834
0.765554
0.740625
0.474761
0.068877
0.890787
0.718267
0.161063
0.462530
0.984706
0.146953
0.484723
0.633917
0.244342
0.719105
0.164227
0.516306
0.374402
0.263705
0.548905
0.842418
0.955014
0.790125
0.052589
0.337184
0.783801
0.956477
0.076383
0.822295
0.240688
0.805950
0.499129
0.006241
0.546576
0.973890
0.075119
0.437363
0.692157
0.236181
0.899893
0.676863
0.383135
0.384616
0.310780
0.627476
0.103721
0.475007
0.143782
0.478123
0.738712
0.692687
0.320541
0.693726
0.482812
0.373130
0.030910
0.266613
0.329607
0.107293
0.088908
0.570295
0.913243
0.588037
0.576536
0.459819
0.561927
0.651655
0.897182
0.254084
0.887836
0.797075
0.930947
0.270971
0.181691
0.241727
0.898447
0.285412
0.716734
0.042230
0.763535
0.455446
0.734917
0.084076
0.149172
0.217729
0.457206
0.180082
0.484341
0.786813
0.287375
0.573250
0.357108
0.200618
0.161287
0.933645
0.660437
0.723214
0.585300
0.557619
0.977298
0.473136
0.354694
0.908246
0.744107
0.536385
0.149973
0.642555
0.821797
0.866707
0.684784
0.585332
0.322153
0.419701
0.669408
0.471325
0.637429
0.126614
0.651407
0.121771
0.913427
0.938782
0.695020
0.270535
0.139401
0.856307
0.204180
0.799838
0.579521
0.789480
0.357457
0.556820
0.262616
0.712151
0.465065
0.006724
0.248536
0.615038
0.649278
0.070333
0.481745
0.334062
0.655665
0.803897
0.753763
0.325072
0.275222
0.391193
0.451686
0.926629
0.512963
0.365113
0.865411
0.207984
0.635648
0.004812
0.064291
0.839829
0.804650
0.643812
0.629309
0.162108
0.200632
0.891925
0.874259
0.665697
0.898649
0.122796
0.280735
0.547927
0.193129
0.762480
0.881990
0.848794
0.566377
0.635753
0.173866
0.841599
0.026946
0.625552
0.768228
0.539909
0.990665
0.633640
0.747893
0.626313
0.638452
0.812184
0.466142
0.443102
0.455996
0.095451
0.605210
0.656628
0.987376
0.479469
0.322325
0.886025
0.602265
0.603060
0.433953
0.795393
0.365539
0.315943
0.644187
0.931916
0.951696
0.818053
0.773515
0.978642
0.443605
0.541743
0.518551
0.434270
0.175383
0.266443
0.060583
0.813835
0.078627
0.526725
0.256937
0.534623
0.622176
0.862147
0.191250
0.609552
0.341616
0.513575
0.495577
0.943880
0.116635
0.929530
0.739274
0.482174
0.245473
0.383461
0.414090
0.197168
0.201514
0.187606
0.175810
0.645119
0.729349
0.694360
0.079388
0.904732
0.960804
0.139971
0.718567
0.039431
0.666696
0.975503
0.574053
0.288872
0.837650
0.765303
0.898424
0.179266
0.278878
0.394001
0.123146
0.395513
0.323531
0.862420
0.877687
0.569004
0.245881
0.291777
0.766172
0.447395
0.479383
0.941982
0.092513
0.208732
0.636343
0.171902
0.113464
0.597147
0.311873
0.832030
0.636577
0.978570
0.807534
0.210630
0.267442
0.645184
0.975934
0.165866
0.824450
0.254812
0.559867
0.947596
0.650324
0.883399
0.810015
0.528011
0.452403
0.055896
0.819788
0.218575
0.503291
0.299171
0.160557
0.595804
0.507903
0.796900
0.767706
0.621366
0.394047
0.079579
0.453397
0.030624
0.058149
0.260930
0.241254
0.325591
0.906114
0.217188
0.491457
0.730564
0.472000
0.051324
0.678159
0.122324
0.934723
0.488175
0.650335
0.387126
0.544071
0.470123
0.605701
0.047362
0.769294
0.766258
0.643166
0.277197
0.563159
0.410872
0.898563
0.957205
0.490451
0.351960
0.987829
0.548600
0.612890
0.229083
0.874191
0.519004
0.446272
0.365647
0.249568
0.918271
0.416971
0.927727
0.040596
0.351694
0.415902
0.690931
0.738820
0.959972
0.161054
0.344521
0.007334
0.930349
0.110779
0.650500
0.207545
0.673938
0.061372
0.106109
0.631143
0.551823
0.458069
0.618972
0.100423
0.070959
0.848055
0.974614
0.589963
0.294327
0.340262
0.839531
0.212598
0.757233
0.767257
0.253194
0.108927
0.183159
0.944125
0.847747
0.143131
0.105179
0.192268
0.150466
0.035527
0.303047
0.800966
0.243073
0.976984
0.862338
0.349182
0.608127
0.414161
0.807250
0.227099
0.514584
0.878209
0.075154
0.489199
0.468172
0.369481
0.829460
0.307702
0.582080
0.586694
0.074960
0.835273
0.695621
0.258119
0.779398
0.543368
0.401250
0.884577
0.735636
0.551716
0.920105
0.038683
0.352681
0.163177
0.015667
0.215019
0.512359
0.623794
0.629180
0.319609
0.850893
0.143764
0.197818
0.926047
0.632962
0.665990
0.295528
0.462423
0.973692
0.877608
0.049116
0.048651
0.712881
0.744737
0.306770
0.492280
0.288105
0.708020
0.376857
0.023741
0.259736
0.296961
0.062424
0.612417
0.460139
0.078091
0.827436
0.972498
0.701885
0.456616
0.292107
0.552778
0.600379
0.489925
0.478825
0.233342
0.155915
0.774353
0.695764
0.129606
0.651961
0.744881
0.178258
0.364843
0.489618
0.485028
0.857122
0.777723
0.193048
0.233979
0.801465
0.452784
0.530940
0.863889
0.065201
0.991079
0.941979
0.892637
0.963576
0.643864
0.349252
0.255683
0.196642
0.949632
0.745608
0.675467
0.182973
0.901523
0.449820
0.878738
0.031129
0.101782
0.623618
0.209386
0.466624
0.113236
0.694414
0.323746
0.890959
0.887462
0.557725
0.692424
0.340245
0.088665
0.556312
0.405446
0.079744
0.498292
0.298083
0.043320
0.142156
0.647335
0.299003
0.338798
0.596967
0.044611
0.014265
0.779940
0.946134
0.464086
0.658678
0.977263
0.565867
0.282296
0.186649
0.032491
0.395532
0.881063
0.356238
0.286491
0.768525
0.913963
0.978915
0.108770
0.002628
0.535227
0.514217
0.082371
0.033519
0.812300
0.125691
0.175676
0.459635
0.424694
0.514474
0.056602
0.469305
0.528739
0.836542
0.415439
0.992825
0.495219
0.392702
0.558692
0.777515
0.579351
0.591183
0.173047
0.460414
0.947421
0.459538
0.228939
0.861383
0.438453
0.337709
0.864011
0.973680
0.851926
0.946382
0.007199
0.664225
0.072073
0.182875
0.123860
0.496767
0.697349
0.180462
0.966073
0.226088
0.017004
0.381512
0.218913
0.512223
0.774213
0.777605
0.289738
0.353564
0.368788
0.462785
0.813977
0.316209
0.922323
0.042916
0.177592
0.360776
0.380625
0.041603
0.334456
0.232550
0.987985
0.341655
0.896776
0.060058
0.524530
0.020636
0.556825
0.221880
0.201098
0.522898
0.447968
0.218102
0.904409
0.666881
0.730325
0.678622
0.444486
0.020064
0.032186
0.813274
0.482849
0.846163
0.129482
0.405172
0.889079
0.307074
0.765948
0.269703
0.348676
0.100404
0.502254
0.336661
0.442059
0.399029
0.396719
0.966589
0.419665
0.953544
0.188469
0.620763
0.476442
0.636437
0.838865
0.380851
0.303318
0.569190
0.059473
0.747803
0.589254
0.091659
0.561077
0.072103
0.937822
0.690559
0.477275
0.826901
0.997633
0.243223
0.096604
0.346310
0.343626
0.598857
0.682971
0.785685
0.997887
0.079690
0.752275
0.417552
0.033234
0.940744
0.038315
0.509676
0.577181
0.877180
0.890527
0.880498
0.446370
0.950000
0.628302
0.035624
0.041660
0.189379
0.107726
0.979481
0.879938
0.585001
0.806382
0.877572
0.828224
0.902986
0.223881
0.171850
0.501843
0.906852
0.957535
0.499730
0.986542
0.709810
0.917281
0.019776
0.650554
0.955596
0.529452
0.227734
0.832776
0.419979
0.108232
0.279145
0.369980
0.736534
0.314769
0.411639
0.925913
0.422495
0.391121
0.805851
0.007496
0.197503
0.683423
0.835720
0.100489
0.907304
0.007570
0.602332
0.814156
0.965105
0.102062
0.800698
0.674915
0.019343
0.820475
0.325468
0.974939
0.349927
0.553202
0.807714
0.769906
0.661435
0.086860
0.139886
0.397969
0.401629
0.551525
0.323881
0.824124
0.942646
0.129732
0.831620
0.140149
0.813155
0.667340
0.240638
0.720459
0.674910
0.842970
0.534615
0.640015
0.945031
0.335313
0.314929
0.964374
0.155788
0.640398
0.939313
0.505715
0.193600
0.747027
0.275621
0.855035
0.833887
0.415507
0.253003
0.235516
0.967033
0.576885
0.059639
0.909679
0.706617
0.891259
0.049828
0.519772
0.558599
0.290465
0.240230
0.233509
0.133435
0.774845
0.873523
0.078466
0.110158
0.188453
0.042840
0.265946
0.828851
0.982153
0.771661
0.022451
0.729181
0.047282
0.877485
0.563068
0.462790
0.130489
0.798583
0.429822
0.707373
0.858223
0.339501
0.413990
0.749482
0.389329
0.933762
0.308081
0.679794
0.173992
0.541590
0.813229
0.948837
0.415113
0.891695
0.058996
0.603566
0.934536
0.324942
0.432416
0.916689
0.096603
0.454867
0.645869
0.143886
0.332352
0.208937
0.606675
0.462841
0.007520
0.036497
0.170214
0.865743
0.375998
0.584204
0.615225
0.765327
0.517966
0.923306
0.445121
0.691958
0.464896
0.258351
0.640796
0.880009
0.150046
0.699792
0.483575
0.084582
0.024734
0.915991
0.001270
0.121337
0.370858
0.647139
0.265223
0.703210
0.856076
0.871898
0.166051
0.863597
0.908395
0.336266
0.729340
0.284394
0.920470
0.344565
0.049721
0.438436
0.267872
0.494843
0.130394
0.732767
0.753193
0.771190
0.612776
0.903239
0.470982
0.096351
0.987821
0.495716
0.012342
0.989091
0.617053
0.383199
0.636231
0.882276
0.086410
0.492307
0.754174
0.252461
0.355904
0.662570
0.588727
0.085244
0.946963
0.509197
0.429810
0.996684
0.947633
0.697681
0.491527
0.078027
0.430449
0.244720
0.849217
0.043225
0.147960
0.320199
0.139575
0.135781
0.815915
0.151917
0.124872
0.432968
0.535116
0.761103
0.315243
0.621526
0.253410
0.069417
0.873988
0.609314
0.731987
0.462715
0.694559
0.678950
0.971912
0.124369
0.675635
0.919545
0.822050
0.167162
0.997572
0.252499
0.411882
0.846790
0.295723
0.559842
0.166989
0.435299
0.695623
0.982903
0.587216
0.820495
0.415871
0.122332
0.581597
0.731114
0.743859
0.835008
0.800532
0.617846
0.444322
0.532519
0.080561
0.138881
0.211469
0.052473
0.263249
0.887104
0.972018
0.085299
0.054266
0.969590
0.337798
0.466148
0.816379
0.633521
0.025990
0.983368
0.068820
0.721613
0.966271
0.656036
0.542107
0.382142
0.778368
0.123705
0.113256
0.522226
0.958712
0.913788
0.140073
0.403034
0.446307
0.220633
0.541915
0.657776
0.273106
0.805164
0.544880
0.245124
0.890463
0.599147
0.214713
0.228260
0.065295
0.031093
0.861781
0.091285
0.014461
0.930601
0.812897
0.980732
0.586637
0.355005
0.362875
0.365004
0.478709
0.476131
0.887231
0.437422
0.389919
0.027303
0.840456
0.836226
0.247937
0.382371
0.494003
0.521043
0.187535
0.038883
0.766167
0.077998
0.638030
0.980880
0.306258
0.703324
0.011973
0.168039
0.794609
0.026434
0.098640
0.607507
0.007166
0.685277
0.962511
0.370041
0.050281
0.441221
0.846172
0.937512
0.878643
0.236092
0.964815
0.719098
0.072318
0.212752
0.101469
0.566321
0.733795
0.289004
0.605204
0.499962
0.367001
0.243234
0.480842
0.673259
0.946558
0.492814
0.841299
0.741167
0.519248
0.939939
0.348674
0.526415
0.625216
0.311185
0.896456
0.675497
0.752406
0.742629
0.613009
0.631049
0.978720
0.577825
0.350147
0.051038
0.790577
0.451616
0.617359
0.524372
0.740620
0.222563
0.024334
0.107621
0.465797
0.505175
0.780881
0.412355
0.997990
0.622179
0.153522
0.517238
0.562118
0.502196
0.043653
0.187335
0.813381
0.940109
0.862832
0.565787
0.682738
0.475841
0.196836
0.661458
0.053666
0.546983
0.712496
0.844243
0.998599
0.329856
0.368615
0.739219
0.552419
0.392949
0.846841
0.018216
0.898124
0.627722
0.430570
0.896114
0.249901
0.584092
0.413352
0.812019
0.086288
0.457005
0.999354
0.899669
0.397115
0.862186
0.465456
0.079852
0.338027
0.662292
0.741310
0.391694
0.209274
0.453807
0.235937
0.207874
0.783662
0.604552
0.947093
0.336081
0.997502
0.793934
0.354297
0.895626
0.421655
0.784867
0.791740
0.671556
0.368960
0.205092
0.483576
0.455247
0.662098
0.482930
0.354916
0.059212
0.345116
0.820372
0.139065
0.683143
0.482664
0.880375
0.074837
0.691938
0.334182
0.310773
0.899812
0.117844
0.915326
0.846905
0.453925
0.912827
0.640839
0.808222
0.808453
0.062494
0.593090
0.600193
0.734050
0.962049
0.805286
0.217626
0.417297
0.467383
0.700556
0.772213
0.526596
0.045671
0.592585
0.665660
0.728814
0.075248
0.546035
0.803651
0.767186
0.880217
0.114424
0.666998
0.998061
0.029750
0.513903
0.451986
0.942577
0.154741
0.260208
0.751031
0.217235
0.853298
0.351224
0.951285
0.815347
0.156510
0.168911
0.232643
0.623894
0.869467
0.004856
0.150489
0.915138
0.597441
0.816150
0.643952
0.672689
0.362185
0.447603
0.439876
0.242401
0.562027
0.106874
0.240462
0.591777
0.620777
0.692448
0.534354
0.775518
0.952656
0.285385
0.992753
0.805954
0.636609
0.944038
0.621300
0.793120
0.112949
0.853944
0.417013
0.982416
0.858800
0.567502
0.897554
0.456241
0.383652
0.541506
0.128930
0.745837
0.989109
0.568806
0.988238
0.551136
0.675680
0.228700
0.142913
0.296456
0.921148
0.677267
0.071974
0.873804
0.962652
0.064727
0.679757
0.599262
0.008765
0.301058
0.392381
0.121715
0.155001
0.809394
0.104131
0.013802
0.376897
0.001685
0.470043
0.760549
0.543192
0.598973
0.506386
0.532301
0.167779
0.494624
0.083436
0.843459
0.723324
0.226349
0.139915
0.644472
0.903616
0.211889
0.518275
0.866268
0.276617
0.198033
0.465530
0.285382
0.499090
0.857911
0.407097
0.654092
0.667305
0.511228
0.667893
0.044202
0.512914
0.137936
0.804751
0.056105
0.736908
0.311137
0.588406
0.904687
0.805760
0.671842
0.748146
0.529084
0.898191
0.888061
0.173556
0.801808
0.099950
0.691831
0.668076
0.376567
0.889864
0.133605
0.661949
0.388954
0.991516
0.069046
0.043045
0.658822
0.580274
0.710939
0.703024
0.093187
0.848874
0.507775
0.149293
0.585783
0.818911
0.737699
0.490470
0.624671
0.409541
0.238616
0.153756
0.307732
0.126677
0.327311
0.109540
0.226627
0.019143
0.777616
0.603194
0.909006
0.911221
0.265143
0.297960
0.902737
0.334189
0.341005
0.561559
0.914463
0.051944
0.264583
0.007650
0.900818
0.772357
0.156943
0.486601
0.591268
0.894642
0.977071
0.215940
0.304183
0.215687
0.369696
0.611915
0.342364
0.697007
0.721455
0.568991
0.716150
0.499071
0.172186
0.625156
0.410292
0.437329
0.923116
0.313029
0.771518
0.264121
0.874588
0.685981
0.316065
0.139171
0.693631
0.216883
0.911528
0.850575
0.703484
0.502796
0.745216
0.680555
0.718736
0.049399
0.896242
0.088432
0.661314
0.238606
0.785439
0.382769
0.807597
0.501588
0.881840
0.979783
0.126744
0.292132
0.417112
0.049860
0.605161
0.188630
0.313981
0.479749
0.874611
0.630046
0.618919
0.568243
0.846929
0.530447
0.418818
0.550413
0.033244
0.164034
0.230968
0.751980
0.213433
0.127210
0.840412
0.874747
0.365816
0.625851
0.257516
0.173413
0.127439
0.139356
0.153197
0.254183
0.431488
0.570309
0.304043
0.036648
0.758939
0.618024
0.516397
0.633551
0.248070
0.135317
0.201793
0.095000
0.665764
0.620611
0.645413
0.699008
0.784645
0.876381
0.450988
0.998078
0.003591
0.291400
0.872825
0.369407
0.917251
0.130341
0.542821
0.044690
0.269697
0.696017
0.298873
0.701185
0.266326
0.602916
0.737833
0.025265
0.220941
0.254230
0.658816
0.469011
0.389547
0.860609
0.564010
0.055311
0.481220
0.209423
0.754319
0.265865
0.085804
0.205307
0.263942
0.089395
0.496707
0.136767
0.458803
0.413958
0.267108
0.001623
0.458648
0.536805
0.697640
0.757521
0.237990
0.963966
0.360437
0.975823
0.989231
0.581378
0.230053
0.648047
0.050389
0.619600
0.508656
0.614399
0.674911
0.989876
0.823822
0.429230
0.255741
0.909627
0.634537
0.519684
0.999022
0.131245
0.656451
0.457825
0.545203
0.923559
0.459448
0.003850
0.460364
0.157089
0.761371
0.698353
0.121055
0.121809
0.674176
0.110286
0.703187
0.904229
0.758333
0.753575
0.523830
0.266990
0.367975
0.198741
0.256866
0.191797
0.627971
0.512607
0.101424
0.262509
0.032290
0.100446
0.393754
0.688741
0.558271
0.938956
0.612300
0.017719
0.942807
0.072663
0.174808
0.704178
0.771017
0.295862
0.825987
0.445193
0.406149
0.529173
0.349422
0.164482
0.282749
0.873252
0.431472
0.650723
0.071993
0.688337
0.842520
0.699965
0.200944
0.943944
0.962474
0.233235
0.044390
0.356227
0.921976
0.602661
0.295183
0.534276
0.620380
0.237990
0.606939
0.795187
0.942168
0.377956
0.091050
0.768154
0.823149
0.497198
0.297328
0.172571
0.661681
0.580076
0.045823
0.093152
0.230800
0.117817
0.781490
0.073320
0.817781
0.982434
0.017264
0.780255
0.215669
0.061654
0.136482
0.137645
0.664315
0.431666
0.671920
0.284694
0.669656
0.278859
0.079882
0.611823
0.656815
0.170931
0.379978
0.479964
0.668130
0.677305
0.652535
0.329810
0.257382
0.698358
0.422963
0.488181
0.816175
0.204452
0.561501
0.633957
0.186886
0.578765
0.414212
0.402555
0.640418
0.550694
0.540200
0.304733
0.982360
0.212120
0.589427
0.652015
0.490979
0.669309
0.263839
0.147794
0.840240
0.643816
0.627758
0.508370
0.321122
0.280293
0.838180
0.578503
0.978651
0.261142
0.066684
0.794826
0.465595
0.628185
0.428783
0.652481
0.206950
0.842995
0.055036
0.847368
0.393689
0.595236
0.152101
0.376048
0.807356
0.741528
0.028064
0.298335
0.410837
0.291902
0.446129
0.251077
0.935719
0.073887
0.759446
0.256840
0.354180
0.597626
0.835344
0.332831
0.858768
0.902028
0.127657
0.324363
0.530213
0.556440
0.976844
0.737163
0.399435
0.031880
0.584531
0.793124
0.627116
0.736632
0.169172
0.434471
0.478161
0.197235
0.732806
0.888998
0.489138
0.178935
0.140074
0.424857
0.252822
0.899521
0.681697
0.607002
0.497147
0.517041
0.939833
0.355915
0.419069
0.067490
0.680278
0.949282
0.623930
0.657122
0.686445
0.023365
0.689002
0.270976
0.816489
0.316118
0.007608
0.985660
0.750589
0.485769
0.182896
0.483395
0.374767
0.672034
0.662330
0.514841
0.096890
0.915152
0.414362
0.778587
0.522154
0.911509
0.295628
0.461987
0.267424
0.714697
0.529477
0.947702
0.663979
0.153407
0.604825
0.350424
0.176772
0.293827
0.621400
0.993260
0.609944
0.629008
0.978921
0.360533
0.114777
0.161817
0.843928
0.489544
0.833851
0.506259
0.004385
0.930741
0.421411
0.418747
0.709328
0.943565
0.330256
0.004956
0.405551
0.597680
0.719653
0.935028
0.545382
0.383631
0.088435
0.150207
0.734055
0.265207
0.444033
0.355455
0.258467
0.053978
0.984463
0.237388
0.414511
0.099240
0.399205
0.258439
0.588784
0.233055
0.764698
0.593169
0.163796
0.186109
0.011916
0.873124
0.129674
0.342172
0.878080
0.535225
0.939852
0.597733
0.470253
0.485234
0.981364
0.558688
0.635441
0.715419
0.823895
0.079474
0.070874
0.082362
0.133452
0.055337
0.319750
0.547962
0.154578
0.718955
0.806402
0.743362
0.952010
0.571100
0.336531
0.115806
0.757209
0.348447
0.988930
0.886882
0.690619
0.867011
0.422108
0.630470
0.464743
0.892361
0.115704
0.446108
0.451049
0.751145
0.161527
0.274943
0.830619
0.232402
0.357305
0.964070
0.287739
0.677055
0.512033
0.442317
0.396009
0.318434
0.185678
0.348019
0.889534
0.522209
0.463825
0.646743
0.870656
0.452756
0.533625
0.561275
0.319766
0.955732
0.191746
0.784510
0.848093
0.307450
0.230617
0.299142
0.058594
0.392145
0.574085
0.889213
0.624546
0.931390
0.853283
0.912285
0.608444
0.365316
0.354602
0.004454
0.683750
0.540280
0.352473
0.573284
0.062490
0.816298
0.220027
0.933146
0.269054
0.753652
0.494422
0.588820
0.709384
0.686167
0.373329
0.557477
0.993617
0.603947
0.856619
0.052211
0.996091
0.430704
0.941424
0.620638
0.362094
0.794707
0.532923
0.970538
0.160023
0.887525
0.974992
0.843773
0.427806
0.327464
0.417058
0.490296
0.143762
0.637084
0.423442
0.412816
0.390736
0.917864
0.001635
0.100120
0.604031
0.374965
0.657597
0.597648
0.978911
0.514216
0.649859
0.975003
0.944920
0.591283
0.595641
0.307014
0.385990
0.128564
0.277552
0.546013
0.016089
0.252543
0.389786
0.443895
0.580008
0.806844
0.934190
0.723770
0.443928
0.357632
0.136585
0.834664
0.275496
0.138221
0.934784
0.879527
0.513185
0.592381
0.477174
0.492097
0.106597
0.127033
0.467100
0.051517
0.718316
0.062741
0.358531
0.104306
0.191305
0.636083
0.650319
0.207394
0.888626
0.040105
0.651289
0.468633
0.846949
0.585479
0.192403
0.290877
0.943111
0.328989
0.125541
0.218607
0.467209
0.060326
0.098134
0.980395
0.652707
0.575309
0.472492
0.759304
0.702342
0.939592
0.810822
0.420658
0.002332
0.169353
0.524964
0.193637
0.805435
0.175283
0.401031
0.694061
0.215388
0.052319
0.162695
0.062337
0.637798
0.355098
0.353214
0.580910
0.684086
0.478755
0.799517
0.151296
0.539081
0.897651
0.131690
0.191788
0.472960
0.604182
0.951093
0.175301
0.543774
0.761914
0.595959
0.546106
0.931267
0.120923
0.739743
0.736702
0.296205
0.140774
0.430763
0.511593
0.193094
0.593457
0.573930
0.830892
0.948555
0.927144
0.411801
0.632642
0.405900
0.211318
0.783937
0.944981
0.108969
0.915628
0.136769
0.581929
0.519810
0.087862
0.757230
0.063584
0.849776
0.353190
0.609690
0.781043
0.474112
0.349433
0.517744
0.770318
0.490207
0.948507
0.281911
0.683301
0.541965
0.855842
0.514193
0.490520
0.782986
0.925994
0.123162
0.188886
0.137312
0.907099
0.133867
0.246282
0.822726
0.270636
0.828210
0.342536
0.358497
0.585441
0.406120
0.208273
0.938630
0.015810
0.989315
0.412743
0.365243
0.507060
0.183061
0.855451
0.455567
0.464972
0.538752
0.997532
0.320814
0.052944
0.488052
0.103800
0.978938
0.611214
0.292685
0.116251
0.518313
0.426552
0.362532
0.341039
0.697188
0.190743
0.683575
0.055685
0.776183
0.089695
0.263958
0.714814
0.105505
0.253273
0.127557
0.470748
0.760333
0.310618
0.326198
0.215900
0.775590
0.864950
0.213432
0.096404
0.917894
0.701484
0.200203
0.896832
0.312698
0.492888
0.013083
0.831011
0.919440
0.375615
0.172049
0.616628
0.566358
0.855625
0.672313
0.342541
0.945319
0.936270
0.057355
0.050824
0.189544
0.184912
0.521572
0.949877
0.495530
0.847770
0.165777
0.271119
0.712720
0.379209
0.367523
0.630614
0.080693
0.567726
0.527447
0.393391
0.060614
0.540530
0.224402
0.980055
0.916145
0.396451
0.596683
0.482502
0.252076
0.268995
0.825043
0.197395
0.205266
0.882398
0.248220
0.394809
0.067310
0.769792
0.344686
0.562840
0.617562
0.510462
0.833959
0.330282
0.889671
0.201482
0.960896
0.970364
0.769208
0.488343
0.363756
0.829822
0.028873
0.588158
0.809877
0.945017
0.984609
0.406560
0.427520
0.236685
0.675555
0.252563
0.434080
0.880820
0.134962
0.682300
0.275629
0.202272
0.452091
0.620315
0.765112
0.069653
0.130777
0.599071
0.399935
0.020448
0.800553
0.360832
0.990813
0.569761
0.849175
0.354569
0.399583
0.878047
0.942726
0.209460
0.823065
0.927335
0.616020
0.250584
0.164020
0.291575
0.503147
0.598100
0.172395
0.638109
0.280400
0.448024
0.840381
0.732491
0.068339
0.605493
0.802145
0.199116
0.204564
0.202080
0.219565
0.005117
0.562912
0.210377
0.574878
0.412086
0.564946
0.974461
0.290134
0.507672
0.183922
0.113198
0.435007
0.799941
0.363782
0.599027
0.091516
0.866930
0.197127
0.263911
0.505039
0.477527
0.711935
0.345420
0.210019
0.780274
0.950912
0.012163
0.979390
0.155476
0.214244
0.198955
0.160593
0.777155
0.409332
0.735471
0.189242
0.974278
0.709932
0.479375
0.481950
0.893854
0.592574
0.916957
0.693795
0.956356
0.515984
0.785311
0.823286
0.713111
0.049222
0.328324
0.190639
0.761157
0.673744
0.400657
0.541431
0.624656
0.412821
0.520821
0.780132
0.627064
0.719776
0.940725
0.404220
0.129108
0.676196
0.593461
0.103386
0.386128
0.072837
0.585336
0.279981
0.665410
0.502293
0.973776
0.621766
0.018277
0.759087
0.445052
0.731388
0.808309
0.773376
0.922027
0.569466
0.447120
0.322684
0.110896
0.071776
0.735505
0.631717
0.851908
0.362569
0.351493
0.792633
0.766789
0.480601
0.468829
0.360251
0.583987
0.854957
0.433087
0.169323
0.134938
0.098498
0.671616
0.108714
0.720264
0.689893
0.867802
0.165316
0.421282
0.676111
0.938692
0.343309
0.245576
0.385811
0.665993
0.356473
0.457587
0.401498
0.988190
0.309495
0.764067
0.339683
0.102128
0.530856
0.820285
0.570956
0.891107
0.404272
0.425913
0.324194
0.573595
0.560851
0.422692
0.245211
0.669565
0.142956
0.935105
0.537367
0.308272
0.356386
0.213478
0.246963
0.699695
0.459054
0.632775
0.365688
0.815527
0.090361
0.767186
0.803717
0.399856
0.531253
0.143400
0.501984
0.062110
0.963685
0.072940
0.953217
0.367957
0.498853
0.277411
0.941552
0.059704
0.700104
0.186763
0.729269
0.843060
0.121868
0.266636
0.151332
0.478254
0.480114
0.398295
0.177949
0.939168
0.031070
0.543637
0.754695
0.121431
0.310823
0.558412
0.521287
0.842077
0.701812
0.023271
0.904187
0.665497
0.096211
0.857404
0.033454
0.595064
0.134815
0.975006
0.654768
0.834919
0.161769
0.384037
0.677979
0.283636
0.650674
0.829310
0.761890
0.130788
0.227606
0.939839
0.069956
0.258675
0.483476
0.824650
0.380107
0.794300
0.383062
0.901394
0.636376
0.084874
0.924665
0.540563
0.750371
0.020876
0.397967
0.783825
0.615940
0.532782
0.758831
0.270708
0.367700
0.920600
0.654745
0.045679
0.204236
0.305419
0.874989
0.966126
0.436206
0.102595
0.905965
0.506162
0.361270
0.389441
0.330812
0.741377
0.183741
0.713874
0.642770
0.820117
0.798749
0.567435
0.360680
0.549120
0.588311
0.758647
0.332945
0.204250
0.291428
0.091776
0.474958
0.659128
0.012376
0.129703
0.704807
0.216612
0.435122
0.579796
0.182737
0.871328
0.682391
0.088702
0.377490
0.043661
0.478143
0.708303
0.785037
0.661884
0.422177
0.427808
0.482001
0.220925
0.995243
0.842681
0.770045
0.583554
0.601328
0.102991
0.787804
0.892757
0.194767
0.262762
0.551885
0.207143
0.392465
0.256692
0.423755
0.827587
0.836488
0.606492
0.698915
0.518879
0.695194
0.076406
0.562539
0.173338
0.784708
0.347576
0.835222
0.206885
0.775384
0.317223
0.427810
0.770627
0.159904
0.197856
0.354180
0.761233
0.300847
0.141985
0.653989
0.495614
0.404747
0.205874
0.702757
0.797212
0.462566
0.126512
0.624799
0.299054
0.733004
0.323714
0.817933
0.428198
0.400120
0.380472
0.601536
0.184828
0.728049
0.436757
0.391713
0.503433
0.753980
0.819524
0.274060
0.913884
0.017380
0.628240
0.675117
0.318226
0.770225
0.329106
0.813840
0.174971
0.534980
0.516596
0.972183
0.997546
0.643108
0.596982
0.296600
0.376112
0.920697
0.114533
0.804310
0.320817
0.495006
0.405845
0.505645
0.223055
0.842602
0.897358
0.726487
0.596582
0.716882
0.000547
0.510467
0.734262
0.628787
0.185583
0.052488
0.399012
0.514689
0.866328
0.573983
0.049669
0.382924
0.546166
0.047215
0.026032
0.143149
0.343816
0.402144
0.063846
0.458349
0.206454
0.384662
0.953355
0.612299
0.890308
0.176410
0.454901
0.787666
0.902897
0.051484
0.504548
0.903444
0.561951
0.238810
0.532231
0.747534
0.291298
0.931243
0.262223
0.157626
0.505226
0.311893
0.540550
0.051392
0.359108
0.566582
0.194541
0.702924
0.968725
0.258387
0.161273
0.175179
0.643049
0.114628
0.787478
0.533357
0.291037
0.242379
0.321023
0.193934
0.293863
0.825571
0.097378
0.855814
0.064382
0.629609
0.603348
0.355680
0.560852
0.865571
0.513305
0.066078
0.177464
0.053855
0.117471
0.536572
0.620436
0.312012
0.239495
0.589162
0.570398
0.400768
0.764340
0.213447
0.515395
0.551818
0.746804
0.806432
0.794198
0.067827
0.000367
0.088061
0.893399
0.097745
0.943875
0.957780
0.727354
0.547222
0.313460
0.288206
0.412793
0.826765
0.354285
0.590257
0.880619
0.471755
0.126829
0.501055
0.783767
0.366324
0.090217
0.354165
0.767091
0.854557
0.567613
0.282487
0.406376
0.314417
0.088919
0.200574
0.382244
0.089286
0.288634
0.275643
0.187030
0.232509
0.233423
0.914384
0.779731
0.546883
0.202591
0.192524
0.373648
0.556875
0.782782
0.254267
0.028631
0.909610
0.755323
0.812397
0.275934
0.845539
0.166563
0.043025
0.700097
0.734175
0.325512
0.106473
0.048592
0.414431
0.307046
0.430836
0.503717
0.595681
0.706479
0.690747
0.828189
0.939902
0.605132
0.607920
0.486785
0.807723
0.800445
0.860433
0.364598
0.583227
0.114700
0.393229
0.492837
0.870023
0.205626
0.768771
0.715562
0.372189
0.811796
0.415659
0.106364
0.137308
0.522132
0.154956
0.551740
0.829178
0.585792
0.055457
0.424859
0.292271
0.746204
0.253048
0.232174
0.351336
0.860968
0.718959
0.159059
0.661413
0.579392
0.523657
0.244640
0.694092
0.916886
0.737477
0.564114
0.122512
0.506247
0.279676
0.494701
0.318044
0.695335
0.601064
0.455352
0.217467
0.756020
0.007092
0.046645
0.341812
0.062549
0.471504
0.634084
0.808753
0.724552
0.866257
0.160089
0.585520
0.585216
0.319147
0.246933
0.164608
0.842804
0.491573
0.858700
0.759690
0.229050
0.422814
0.882202
0.735297
0.702491
0.376902
0.053341
0.397826
0.977967
0.508693
0.615293
0.733987
0.515785
0.661938
0.075799
0.578334
0.133442
0.709883
0.387086
0.857994
0.576140
0.547175
0.443514
0.161356
0.866322
0.690447
0.325964
0.709126
0.182020
0.184664
0.468816
0.411070
0.607478
0.351018
0.146368
0.309969
0.727920
0.199709
0.707795
0.705887
0.708402
0.323088
0.439873
0.224187
0.985027
0.515673
0.802520
0.118469
0.225555
0.189607
0.976462
0.801696
0.736781
0.419976
0.963052
0.603104
0.110423
0.289016
0.312230
0.292443
0.473680
0.781046
0.703514
0.081159
0.132064
0.849882
0.391128
0.859984
0.049590
0.098923
0.565871
0.757992
0.422012
0.005744
0.982179
0.407038
0.521417
0.784700
0.525507
0.746972
0.974306
0.501969
0.548668
0.711088
0.921945
0.511720
0.314191
0.032369
0.800736
0.626421
0.324812
0.274416
0.407468
0.028326
0.355575
0.539532
0.878207
0.746703
0.399516
0.927798
0.845626
0.965387
0.685790
0.267637
0.971131
0.667969
0.674676
0.492548
0.452669
0.200183
0.239520
0.426975
0.702152
0.788188
0.138063
0.624098
0.299908
0.452255
0.656466
0.100644
0.078676
0.981278
0.375060
0.486144
0.009604
0.730635
0.025676
0.887811
0.477337
0.425192
0.815609
0.322963
0.390579
0.501399
0.590601
0.361711
0.169368
0.265276
0.854259
0.622037
0.465459
0.093780
0.049012
0.167612
0.881968
0.187075
0.791709
0.181876
0.639330
0.448176
0.282519
0.718006
0.429454
0.657579
0.204150
0.439058
0.388214
0.229826
0.326869
0.865551
0.655018
0.142478
0.188514
0.045597
0.643876
0.779115
0.407308
0.813244
0.044391
0.261567
0.435280
0.509851
0.355347
0.484292
0.677462
0.237315
0.671367
0.469172
0.419191
0.310697
0.917348
0.701710
0.028703
0.346802
0.359289
0.232852
0.785859
0.747503
0.462678
0.112728
0.613054
0.117696
0.255206
0.801568
0.163293
0.899082
0.580683
0.570601
0.712326
0.625075
0.832168
0.147606
0.134925
0.187515
0.631899
0.812388
0.424830
0.303266
0.281560
0.844021
0.613963
0.198907
0.545730
0.642666
0.545709
0.905019
0.875518
0.331568
0.652522
0.338196
0.444296
0.265576
0.455892
0.699502
0.067144
0.619185
0.598584
0.647827
0.189786
0.310910
0.272902
0.021954
0.458516
0.407827
0.209469
0.090415
0.220215
0.634299
0.393681
0.501775
0.478320
0.007644
0.700682
0.024050
0.650310
0.246391
0.929070
0.525828
0.577959
0.581592
0.864025
0.022256
0.847168
0.319917
0.721758
0.914311
0.939102
0.320342
0.562138
0.128888
0.631252
0.835040
0.150842
0.089768
0.242867
0.360312
0.180182
0.463082
0.994611
0.573863
0.964857
0.472931
0.581507
0.665539
0.496982
0.231817
0.911930
0.426051
0.757645
0.489889
0.007643
0.621670
0.512145
0.854811
0.941587
0.233903
0.769122
0.880689
0.554245
0.331260
0.009577
0.185497
0.166300
0.160419
0.275265
0.409167
0.520730
0.455447
0.872249
0.515342
0.029310
0.837106
0.988273
0.610817
0.502645
0.485254
0.842634
0.414575
0.911306
0.600279
0.904464
0.918949
0.221949
0.416609
0.773760
0.163536
0.650512
0.542882
0.044224
0.204757
0.874142
0.053801
0.390254
0.040442
0.214219
0.665519
0.449610
0.734950
0.120966
0.321859
0.250292
0.150276
0.158965
0.238564
0.761094
0.661610
0.723819
0.603728
0.076185
0.635124
0.204007
0.980649
0.554073
0.425955
0.397258
0.327833
0.589491
0.047770
0.870714
0.633715
0.252527
0.744856
0.687516
0.642781
0.785299
0.901735
0.308300
0.234909
0.636685
0.429266
0.556768
0.886977
0.579542
0.715733
0.125541
0.340636
0.377343
0.849360
0.944363
0.453528
0.484484
0.148370
0.434176
0.038557
0.574325
0.831434
0.366390
0.163816
0.879204
0.237104
0.797531
0.131730
0.981961
0.485047
0.774511
0.767260
0.386782
0.082810
0.002169
0.023467
0.512076
0.558937
0.910444
0.091618
0.274670
0.035985
0.432254
0.652013
0.885345
0.376617
0.105541
0.369829
0.524987
0.539717
0.408386
0.099313
0.371151
0.774776
0.263129
0.250354
0.011880
0.060660
0.382085
0.993841
0.545707
0.156596
0.761101
0.932490
0.239406
0.763270
0.955957
0.751482
0.322207
0.866401
0.843100
0.596876
0.902386
0.275354
0.248889
0.787731
0.651971
0.354430
0.157560
0.176959
0.894147
0.565946
0.276272
0.265298
0.340722
0.539401
0.515652
0.352602
0.600061
0.897737
0.346444
0.145768
0.054333
0.107545
0.078258
0.293738
0.870815
0.034215
0.045220
0.193021
0.900616
0.888321
0.789898
0.803002
0.163675
0.038787
0.590733
0.815646
0.393217
0.748293
0.992605
0.287364
0.314239
0.268876
0.552662
0.654961
0.808277
0.068314
0.007563
0.408338
0.966051
0.354007
0.554106
0.020383
0.461552
0.632364
0.314122
0.332367
0.666579
0.359342
0.525389
0.567194
0.247663
0.315286
0.370196
0.411337
0.354074
0.960930
0.226984
0.747291
0.709223
0.219589
0.034655
0.023461
0.488465
0.587316
0.678422
0.296742
0.655630
0.685986
0.705080
0.621681
0.039993
0.259186
0.642065
0.501545
0.891550
0.956187
0.833912
0.558128
0.315529
0.359301
0.125323
0.563192
0.674587
0.495519
0.974529
0.028661
0.456449
0.201513
0.775951
0.165671
0.421102
0.810606
0.189133
0.909567
0.397922
0.867555
0.206309
0.053553
0.553540
0.911389
0.675234
0.593533
0.170575
0.317299
0.095078
0.062124
0.273486
0.928990
0.620253
0.589015
0.288290
0.745575
0.152207
0.962877
0.241094
0.126736
0.991538
0.697543
0.328249
0.767489
0.863215
0.749351
0.578095
0.052347
0.658917
0.976017
0.919902
0.865226
0.029570
0.473443
0.776614
0.704804
0.066976
0.947189
0.022103
0.162054
0.009313
0.295589
0.091044
0.629566
0.884603
0.379334
0.375141
0.036810
0.342212
0.616236
0.163546
0.333750
0.313779
0.491795
0.101239
0.176994
0.241146
0.679334
0.229341
0.900063
0.655352
0.149243
0.765289
0.684922
0.622686
0.541903
0.389726
0.689662
0.489092
0.411829
0.851716
0.498405
0.707418
0.942760
0.127971
0.592021
0.322094
0.503113
0.628831
0.664305
0.119348
0.792377
0.998055
0.433127
0.284172
0.099294
0.610121
0.525318
0.778628
0.839462
0.425382
0.433979
0.988705
0.190670
0.118901
0.611391
0.732574
0.508627
0.301053
0.221666
0.920456
0.152769
0.720071
0.627873
0.095528
0.848042
0.219894
0.417622
0.351155
0.848725
0.081927
0.470503
0.641102
0.079982
0.903631
0.925275
0.179276
0.513751
0.450593
0.957903
0.353213
0.875975
0.391883
0.341918
0.066645
0.510784
0.953309
0.799219
0.019410
0.254362
0.020884
0.939866
0.407131
0.740956
0.567739
0.502659
0.588998
0.787633
0.920281
0.940153
0.636358
0.002208
0.410656
0.277460
0.082190
0.314287
0.202735
0.261465
0.828038
0.653328
0.219369
0.181252
0.529303
0.611251
0.523170
0.595948
0.122035
0.476479
0.395166
0.141445
0.730841
0.416051
0.081311
0.137972
0.157007
0.649050
0.640631
0.746005
0.436683
0.560911
0.686158
0.073041
0.563119
0.096814
0.350502
0.645309
0.411101
0.553237
0.906774
0.239139
0.206565
0.126142
0.420390
0.735868
0.737394
0.943560
0.331816
0.859428
0.420039
0.726982
0.000874
0.150880
0.143033
0.082184
0.288852
0.300039
0.731234
0.929483
0.046044
0.167917
0.490394
0.732202
0.240959
0.053513
0.829015
0.591460
0.698822
0.240116
0.144697
0.605595
0.479255
0.351262
0.731738
0.899645
0.087130
0.469132
0.843205
0.418946
0.328560
0.263245
0.145928
0.329434
0.414125
0.288960
0.411618
0.702977
0.589000
0.142852
0.632460
0.635044
0.310770
0.122854
0.367245
0.551728
0.176367
0.196261
0.143189
0.875189
0.436377
0.287886
0.480784
0.915631
0.639148
0.212522
0.815277
0.726278
0.681654
0.658482
0.145224
0.010214
0.921727
0.291151
0.339647
0.335852
0.580112
0.751265
0.038829
0.169111
0.894118
0.671289
0.804155
0.204887
0.794143
0.171401
0.756616
0.970510
0.367662
0.899804
0.845699
0.804038
0.187690
0.326483
0.719670
0.826838
0.539005
0.534946
0.553116
0.220659
0.193428
0.698340
0.230873
0.115155
0.989491
0.570520
0.451006
0.569603
0.321785
0.489835
0.738714
0.215903
0.161124
0.542870
0.420790
0.955267
0.714270
0.177406
0.925777
0.081932
0.077210
0.771476
0.885970
0.264900
0.097959
0.605640
0.091739
0.636965
0.140586
0.644855
0.857624
0.334014
0.343195
0.088496
0.449169
0.332686
0.659016
0.900175
0.902289
0.980801
0.390010
0.641003
0.196704
0.551134
0.183872
0.617494
0.506401
0.898143
0.794900
0.432178
0.980075
0.872110
0.203655
0.866045
0.137010
0.301614
0.471685
0.228749
0.938579
0.612271
0.873604
0.796202
0.946285
0.216799
0.884698
0.395454
0.549485
0.543715
0.295628
0.451774
0.524516
0.685638
0.092776
0.721220
0.236772
0.276649
0.338714
0.743173
0.174792
0.133614
0.175351
0.154866
0.005723
0.379006
0.020911
0.142733
0.680620
0.492596
0.371482
0.619198
0.104867
0.245086
0.415401
0.051152
0.461884
0.300099
0.446606
0.011369
0.843814
0.742235
0.463143
0.368330
0.427873
0.555919
0.089550
0.664645
0.832568
0.428264
0.407818
0.007360
0.561877
0.583170
0.162226
0.567601
0.962175
0.183137
0.710334
0.642795
0.675734
0.081816
0.261994
0.780601
0.326902
0.677394
0.831754
0.788786
0.977493
0.278360
0.800155
0.821307
0.020595
0.263298
0.189637
0.448467
0.819218
0.279187
0.113112
0.651786
0.707450
0.520931
0.659146
0.269328
0.104100
0.821372
0.836928
0.066275
0.004509
0.547262
0.709071
0.680243
0.629078
0.971064
0.460845
0.955980
0.648459
0.292598
0.744766
0.625952
0.570958
0.544921
0.447259
0.591553
0.808220
0.636896
0.040020
0.627438
0.916083
0.153133
0.279224
0.623534
0.674063
0.938370
0.892862
0.778164
0.759742
0.729790
0.844439
0.764251
0.277052
0.553510
0.444494
0.906131
0.524574
0.905339
0.862110
0.173033
0.197937
0.606876
0.798985
0.768896
0.151797
0.246244
0.360449
0.960017
0.883140
0.400469
0.587455
0.799224
0.553602
0.866679
0.422757
0.227665
0.805048
0.315619
0.005829
0.564790
0.045409
0.850268
0.329041
0.322461
0.403777
0.773536
0.228592
0.928351
0.678875
0.090702
0.101384
0.876812
0.697578
0.900369
0.645708
0.849376
0.146612
0.006156
0.809393
0.029753
0.406625
0.396848
0.828977
0.960227
0.263526
0.251734
0.187892
0.068574
0.567353
0.193721
0.633364
0.612762
0.043988
0.962405
0.935223
0.447766
0.735941
0.163815
0.376117
0.414816
0.254517
0.477501
0.291628
0.952095
0.377869
0.937335
0.801471
0.524482
0.943492
0.610863
0.554235
0.350117
0.007711
0.383211
0.310344
0.271237
0.634945
0.498236
0.339811
0.202298
0.691956
0.973176
0.815060
0.735944
0.935581
0.750283
0.183710
0.671522
0.914097
0.559827
0.086338
0.168614
0.037328
0.377965
0.120709
0.415197
0.315301
0.922179
0.939679
0.258792
0.533043
0.493914
0.608909
0.540754
0.877125
0.919252
0.811991
0.512071
0.417488
0.151802
0.714369
0.109444
0.124978
0.529429
0.845388
0.060559
0.279712
0.029099
0.732081
0.193809
0.588926
0.818419
0.362423
0.626254
0.196385
0.483132
0.041451
0.511685
0.405311
0.981130
0.770477
0.938354
0.475045
0.379386
0.479108
0.352170
0.298638
0.291098
0.864241
0.716126
0.442900
0.578610
0.825570
0.567878
0.108039
0.670959
0.628437
0.387750
0.700058
0.360519
0.581559
0.288983
0.178938
0.943982
0.915237
0.375322
0.427113
0.956688
0.887007
0.832424
0.937818
0.657485
0.770778
0.412863
0.036871
0.249886
0.765033
0.335509
0.540984
0.629274
0.051636
0.983885
0.207884
0.877206
0.551763
0.315922
0.548165
0.180200
0.703673
0.248223
0.540719
0.285232
0.537206
0.719657
0.229213
0.452443
0.094979
0.656327
0.409131
0.981986
0.488751
0.346949
0.639471
0.259529
0.759812
0.676342
0.509415
0.524845
0.011851
0.050399
0.154119
0.063487
0.034284
0.362003
0.940693
0.586047
0.677925
0.488858
0.766247
0.381598
0.737081
0.306966
0.666829
0.274287
0.026623
0.896043
0.726730
0.121601
0.552369
0.135861
0.103588
0.041120
0.482810
0.743059
0.300649
0.242623
0.419401
0.810065
0.767468
0.431252
0.860464
0.921587
0.494739
0.894748
0.283590
0.435432
0.480795
0.961515
0.924290
0.247042
0.343113
0.661371
0.554008
0.009943
0.935658
0.580631
0.905985
0.662388
0.702232
0.458355
0.798249
0.805820
0.499475
0.281059
0.548879
0.800124
0.523682
0.968279
0.610189
0.291150
0.399531
0.470653
0.212737
0.894270
0.365401
0.496327
0.329702
0.846196
0.457842
0.253992
0.093238
0.800955
0.915363
0.647246
0.810898
0.851021
0.227877
0.716883
0.513410
0.930109
0.175238
0.311659
0.735929
0.674713
0.592718
0.284808
0.474837
0.116399
0.253087
0.085026
0.407549
0.652619
0.555679
0.620286
0.546889
0.921080
0.116612
0.876590
0.767276
0.574455
0.130582
0.860513
0.375410
0.045945
0.507760
0.186308
0.896967
0.735636
0.903191
0.410376
0.665746
0.078429
0.722035
0.401675
0.753142
0.314753
0.686483
0.227980
0.431152
0.939570
0.313006
0.838701
0.592189
0.868686
0.458987
0.139077
0.789766
0.575599
0.015668
0.557041
0.150054
0.146250
0.417555
0.525463
0.192195
0.925314
0.711771
0.089162
0.660951
0.614962
0.499538
0.326696
0.693392
0.221573
0.728371
0.446534
0.536326
0.414854
0.674514
0.967478
0.354424
0.987521
0.806179
0.946613
0.856206
0.265165
0.085691
0.645972
0.840764
0.101358
0.203013
0.990818
0.247608
0.620568
0.516281
0.439804
0.545882
0.228052
0.528966
0.206833
0.843015
0.028504
0.533530
0.536406
0.250077
0.261901
0.982941
0.786403
0.676755
0.657455
0.753881
0.031179
0.644975
0.560060
0.977793
0.501182
0.825225
0.063483
0.147154
0.665989
0.164842
0.350167
0.656807
0.412450
0.970735
0.173088
0.852254
0.516617
0.401140
0.381220
0.723450
0.244155
0.409724
0.256980
0.780561
0.659801
0.518880
0.763502
0.446204
0.195635
0.420957
0.200086
0.226814
0.065932
0.760145
0.204607
0.567114
0.585370
0.268090
0.714267
0.251359
0.432932
0.064434
0.908166
0.845382
0.035169
0.081254
0.697636
0.551786
0.482394
0.078855
0.275236
0.726548
0.488579
0.532216
0.507110
0.148380
0.051096
0.270611
0.594585
0.246731
0.691568
0.794670
0.473546
0.757500
0.554815
0.678153
0.324614
0.140185
0.946243
0.038882
0.391544
0.379175
0.103316
0.299710
0.224557
0.138485
0.380964
0.922193
0.690271
0.863357
0.001048
0.965507
0.589906
0.489627
0.497722
0.097015
0.638007
0.548818
0.367627
0.232592
0.795550
0.059195
0.027262
0.269095
0.816696
0.582077
0.947248
0.141310
0.722263
0.893491
0.180192
0.113807
0.272666
0.283508
0.413517
0.497223
0.421993
0.794480
0.419416
0.112263
0.657838
0.420464
0.077770
0.247743
0.910091
0.575493
0.344759
0.548098
0.124311
0.712386
0.780690
0.919861
0.771581
0.807952
0.188956
0.588276
0.390029
0.136204
0.729586
0.112292
0.029695
0.909778
0.226099
0.302361
0.193286
0.639616
0.799584
0.615278
0.434096
0.219000
0.727542
0.091934
0.639464
0.805312
0.339677
0.549555
0.380804
0.684436
0.097653
0.505115
0.396822
0.878343
0.424976
0.168403
0.686295
0.613932
0.756679
0.076324
0.750136
0.486265
0.188616
0.779831
0.396043
0.414715
0.082192
0.589329
0.054331
0.881776
0.204607
0.488427
0.100776
0.932148
0.580361
0.740240
0.737460
0.920038
0.289795
0.118265
0.604475
0.387448
0.623380
0.001297
0.265791
0.048356
0.169699
0.952086
0.662288
0.926378
0.028410
0.412424
0.412644
0.217027
0.192254
0.808687
0.631742
0.274446
0.398016
0.686073
0.156222
0.602622
0.174500
0.256997
0.534771
0.754860
0.997237
0.272231
0.674899
0.287032
0.390495
0.279373
0.674480
0.013875
0.280670
0.940271
0.062231
0.450369
0.892357
0.724519
0.376747
0.920767
0.136943
0.789391
0.137794
0.329197
0.598078
0.769535
0.603643
0.996093
0.455608
0.759864
0.598716
0.630108
0.016862
0.133487
0.384968
0.014099
0.405718
0.059867
0.301131
0.796213
0.339240
0.975611
0.810088
0.619910
0.915882
0.872320
0.070279
0.808238
0.596839
0.447026
0.729005
0.733782
0.236417
0.866799
0.062979
0.834495
0.636334
0.666621
0.830588
0.091942
0.426486
0.429304
0.722050
0.443348
0.562791
0.107018
0.457447
0.968508
0.166884
0.758578
0.764721
0.506124
0.734189
0.574810
0.126034
0.650070
0.447129
0.196312
0.458308
0.043968
0.643338
0.187314
0.777750
0.879755
0.054112
0.840729
0.714250
0.690447
0.507350
0.544838
0.782389
0.933836
0.974142
0.504439
0.377183
0.536933
0.611457
0.834630
0.505441
0.778341
0.593208
0.270162
0.284466
0.327397
0.844972
0.410499
0.977467
0.292101
0.606812
0.435775
0.336070
0.250150
0.623089
0.113820
0.129905
0.677201
0.954549
0.844155
0.367648
0.461899
0.388993
0.150037
0.395735
0.363136
0.654476
0.772918
0.900069
0.265933
0.607548
0.405510
0.044275
0.200756
0.675672
0.328740
0.528153
0.520644
0.739239
0.505620
0.812745
0.346051
0.941395
0.148815
0.596201
0.564484
0.262634
0.726106
0.241686
0.217183
0.570261
0.609334
0.679082
0.959254
0.759371
0.074816
0.322389
0.413847
0.847734
0.222458
0.679781
0.455283
0.627968
0.724055
0.656039
0.303639
0.052795
0.184192
0.824283
0.792034
0.689812
0.637028
0.138085
0.631207
0.785842
0.734286
0.195691
0.048477
0.460392
0.437376
0.265660
0.030652
0.046710
0.944741
0.989906
0.806081
0.019558
0.312295
0.219928
0.867292
0.534754
0.899709
0.322575
0.162721
0.623764
0.978613
0.466361
0.676559
0.162805
0.290644
0.468593
0.852617
0.927672
0.606679
0.483823
0.713514
0.340965
0.679514
0.761991
0.801356
0.116891
0.027651
0.832008
0.163601
0.972392
0.821914
0.969682
0.991950
0.134210
0.189610
0.859242
0.668963
0.089319
0.181816
0.831684
0.713083
0.160430
0.298045
0.389642
0.323235
0.588689
0.858235
0.175852
0.516360
0.464914
0.659675
0.229874
0.805879
0.339190
0.991865
0.607235
0.456080
0.019516
0.439243
0.619681
0.991908
0.261157
0.589363
0.983858
0.395367
0.778973
0.843100
0.064331
0.868292
0.024916
0.896015
0.581375
0.185346
0.194060
0.971017
0.508581
0.782749
0.829252
0.684433
0.299109
0.294166
0.344108
0.528984
0.100044
0.683297
0.520849
0.707279
0.139378
0.540365
0.146522
0.759059
0.532273
0.407680
0.348421
0.516131
0.803047
0.127394
0.359231
0.867377
0.995686
0.384147
0.763392
0.577061
0.569493
0.957452
0.548077
0.078073
0.740201
0.377329
0.762506
0.039310
0.671495
0.106614
0.568294
0.771539
0.789912
0.089143
0.478818
0.929289
0.629508
0.625340
0.688348
0.161781
0.033020
0.036769
0.677912
0.836067
0.164164
0.037143
0.703444
0.159850
0.421290
0.466837
0.736910
0.990782
0.424289
0.284987
0.068856
0.164490
0.662316
0.831362
0.203800
0.333811
0.937976
0.772094
0.105350
0.727887
0.861237
0.584169
0.657177
0.490746
0.209509
0.345525
0.652527
0.242529
0.382294
0.330439
0.078596
0.546458
0.367582
0.782040
0.706307
0.788872
0.248877
0.443218
0.779654
0.673166
0.728205
0.848510
0.837656
0.390522
0.679872
0.041456
0.724333
0.617848
0.813551
0.829683
0.345735
0.674788
0.413852
0.002912
0.165534
0.623361
0.348437
0.818061
0.865890
0.730731
0.148500
0.944486
0.277188
0.516083
0.726526
0.983496
0.304955
0.975403
0.426714
0.084609
0.648569
0.154919
0.933119
0.486225
0.545440
0.612990
0.527681
0.269773
0.230838
0.341232
0.099456
0.576573
0.016020
0.513308
0.579485
0.181553
0.136669
0.927921
0.999614
0.002559
0.658652
0.148114
0.947044
0.935840
0.664197
0.673571
0.919336
0.969151
0.648974
0.346050
0.053760
0.297543
0.500968
0.986879
0.783767
0.046409
0.599869
0.311448
0.316182
0.830707
0.652680
0.415638
0.407280
0.668700
0.928946
0.986764
0.850253
0.065615
0.914685
0.849867
0.068173
0.573337
0.997981
0.015218
0.509177
0.662178
0.688788
0.428513
0.631330
0.337762
0.774563
0.685090
0.635304
0.275531
0.671969
0.419072
0.321940
0.271838
0.730520
0.638122
0.102545
0.383200
0.053760
0.509824
0.051899
0.982706
0.496589
0.902152
0.048321
0.411274
0.752019
0.116494
0.984611
0.750001
0.131712
0.493788
0.412179
0.820500
0.922302
0.043509
0.158262
0.696865
0.728599
0.793567
0.972396
0.400568
0.212638
0.294336
0.672406
0.943159
0.932458
0.774951
0.326358
0.986218
0.284775
0.378258
0.968924
0.781364
0.280410
0.017245
0.192638
0.032430
0.133739
0.177248
0.782431
0.265451
0.671037
0.194610
0.085952
0.593338
0.238119
0.244214
0.290203
0.966719
0.037781
0.262599
0.367287
0.250419
0.556935
0.039693
0.193578
0.489392
0.814644
0.519936
0.475610
0.099419
0.898194
0.444534
0.880783
0.178604
0.461779
0.073421
0.211034
0.595518
0.250669
0.993465
0.860969
0.921706
0.188075
0.946921
0.515044
0.426195
0.191135
0.805247
0.392914
0.228916
0.067845
0.760201
0.479335
0.624780
0.799894
0.672913
0.114172
0.614538
0.192849
0.589782
0.713958
0.091043
0.034316
0.594741
0.269647
0.496095
0.668162
0.480682
0.091613
0.918831
0.474147
0.952582
0.840537
0.662222
0.899503
0.355581
0.088417
0.090639
0.160828
0.481330
0.319554
0.228674
0.241531
0.798889
0.853454
0.041425
0.471802
0.967626
0.655963
0.664650
0.557408
0.369921
0.755693
0.591725
0.964662
0.025341
0.087820
0.632824
0.506022
0.179433
0.551655
0.980169
0.132015
0.392192
0.642391
0.031519
0.747773
0.730808
0.122157
0.908601
0.212138
0.441712
0.137275
0.453669
0.240601
0.990728
0.495094
0.712403
0.958354
0.151057
0.377053
0.515763
0.520978
0.132746
0.107487
0.485640
0.158087
0.195307
0.118463
0.664109
0.374740
0.670118
0.644278
0.506755
0.062310
0.286669
0.538274
0.810084
0.017476
0.660432
0.718685
0.229614
0.102143
0.855960
0.683283
0.342744
0.846688
0.178377
0.055147
0.805043
0.329435
0.432200
0.320805
0.850413
0.564947
0.428293
0.336053
0.723034
0.623600
0.454516
0.387143
0.998340
0.124635
0.031421
0.505096
0.186945
0.318090
0.043370
0.997028
0.335566
0.703802
0.715713
0.565180
0.805945
0.571673
0.248464
0.148690
0.418361
0.426841
0.203837
0.223404
0.756276
0.636037
0.544209
0.606689
0.200984
0.972502
0.942741
0.924018
0.596102
0.397258
0.311160
0.594442
0.521892
0.342581
0.099537
0.708837
0.660671
0.142907
0.705865
0.996237
0.846709
0.421578
0.561417
0.652654
0.993251
0.809880
0.801344
0.411613
0.236721
0.005180
0.635016
0.992997
0.641217
0.179225
0.599686
0.842201
0.151727
0.542427
0.766219
0.747828
0.939685
0.077379
0.342270
0.461577
0.419960
0.441808
0.170414
0.080631
0.584715
0.876279
0.076867
0.431424
0.297857
0.638284
0.084078
0.291109
0.448164
0.885422
0.702721
0.684886
0.890602
0.337738
0.677883
0.531820
0.516963
0.277569
0.374021
0.668689
0.819996
0.140239
0.416518
0.759681
0.217618
0.758788
0.221258
0.637578
0.200595
0.391672
0.718209
0.785311
0.267951
0.795076
0.216735
0.565808
0.433360
0.300813
0.856917
0.881525
0.186235
0.559638
0.566410
0.076837
0.897376
0.244294
0.608657
0.414339
0.521863
0.982678
0.083028
0.341859
0.122917
0.499546
0.101540
0.340535
0.258334
0.322798
0.978113
0.458929
0.714470
0.696323
0.244240
0.982421
0.491399
0.460974
0.548229
0.924759
0.761787
0.405146
0.806284
0.948022
0.964784
0.372694
0.024860
0.862160
0.616988
0.633517
0.276499
0.138850
0.616194
0.359527
0.480709
0.739111
0.859072
0.582249
0.079647
0.117406
0.905047
0.057760
0.576335
0.619517
0.754083
0.820575
0.601938
0.245482
0.281549
0.150167
0.170241
0.043336
0.555312
0.976525
0.991358
0.520097
0.349219
0.016218
0.382257
0.966207
0.649735
0.658755
0.105057
0.265929
0.018282
0.585767
0.005040
0.877354
0.168016
0.084687
0.994760
0.073063
0.142447
0.571095
0.692580
0.896530
0.391670
0.294518
0.142011
0.673219
0.444685
0.312252
0.716555
0.999997
0.288777
0.707913
0.520094
0.637996
0.724131
0.902350
0.604203
0.373866
0.561106
0.709260
0.639795
0.579387
0.295027
0.644835
0.456741
0.463043
0.729522
0.451501
0.536106
0.871969
0.022596
0.228686
0.768499
0.414266
0.523205
0.910510
0.087484
0.967890
0.222763
0.804039
0.967887
0.511539
0.511952
0.487981
0.149535
0.236084
0.390332
0.753738
0.609949
0.951437
0.462998
0.249744
0.530825
0.758025
0.894580
0.987566
0.221068
0.624102
0.439067
0.757174
0.496072
0.461663
0.985860
0.264571
0.875929
0.509065
0.175081
0.963413
0.476954
0.397844
0.767452
0.444842
0.909383
0.279405
0.932823
0.058918
0.515488
0.323155
0.812656
0.125438
0.274592
0.275655
0.375182
0.805416
0.033680
0.269762
0.792982
0.254747
0.893864
0.232049
0.011921
0.389936
0.693712
0.997781
0.654506
0.569641
0.506846
0.829588
0.533054
0.983800
0.227431
0.300506
0.428642
0.136815
0.579911
0.361465
0.195733
0.095399
0.684619
0.008389
0.220836
0.959211
0.284044
0.596018
0.764627
0.317724
0.865780
0.557609
0.572471
0.759644
0.789659
0.584392
0.149579
0.483371
0.582173
0.804085
0.053011
0.089019
0.633673
0.586065
0.072819
0.861105
0.886571
0.501461
0.997919
0.466482
0.862926
0.193652
0.561881
0.547545
0.202041
0.782717
0.506756
0.486085
0.378735
0.271384
0.803809
0.244515
0.828993
0.376280
0.004158
0.618652
0.960672
0.153737
0.102022
0.542846
0.957823
0.155034
0.631865
0.591496
0.741099
0.704684
0.452601
0.627670
0.206145
0.450520
0.094152
0.069071
0.644172
0.656033
0.616617
0.846214
0.438750
0.123373
0.332299
0.817485
0.394756
0.136108
0.061999
0.223749
0.512388
0.066158
0.842401
0.473060
0.219895
0.944423
0.015906
0.177718
0.099457
0.647771
0.769214
0.840556
0.352455
0.221815
0.468226
0.558600
0.672335
0.562378
0.627672
0.316507
0.218411
0.244288
0.162720
0.657161
0.367661
0.495019
0.474646
0.762417
0.631127
0.536646
0.986167
0.143515
0.602803
0.828568
0.616576
0.822698
0.772991
0.632482
0.000416
0.872448
0.280253
0.769630
0.713004
0.632708
0.991445
0.181230
0.191308
0.663780
0.743608
0.818980
0.980287
0.962020
0.063268
0.143007
0.619181
0.430929
0.638026
0.093827
0.193346
0.269153
0.630473
0.179513
0.412668
0.233276
0.008081
0.029244
0.055974
0.781072
0.661726
0.056391
0.653520
0.941979
0.826021
0.366524
0.574687
0.817466
0.547754
0.765995
0.481246
0.291362
0.584975
0.461533
0.253381
0.648243
0.604540
0.872562
0.079172
0.242566
0.966390
0.272518
0.511719
0.596862
0.452031
0.924388
0.830138
0.460112
0.953632
0.886112
0.241184
0.615358
0.942503
0.894704
0.557337
0.768524
0.261228
0.132023
0.585990
0.808982
0.898018
0.067236
0.100343
0.482993
0.528769
0.353725
0.131236
0.133308
0.226287
0.210407
0.375874
0.192677
0.482925
0.887593
0.789539
0.934956
0.811981
0.619677
0.395068
0.765613
0.505790
0.636253
0.380970
0.448292
0.530957
0.938307
0.216816
0.792185
0.070330
0.802806
0.601167
0.968349
0.870042
0.701510
0.451342
0.398811
0.055235
0.582577
0.532119
0.281522
0.792984
0.907994
0.474199
0.275910
0.795587
0.263739
0.210866
0.607568
0.883416
0.605934
0.373181
0.389206
0.242187
0.754151
0.837498
0.773144
0.692458
0.054315
0.565329
0.762789
0.857121
0.166495
0.731137
0.727163
0.868006
0.182479
0.125974
0.923241
0.765056
0.658093
0.204763
0.558040
0.566087
0.678962
0.833950
0.361674
0.942701
0.044816
0.969242
0.826117
0.650750
0.342422
0.215323
0.892937
0.096573
0.052821
0.666081
0.789031
0.107136
0.231409
0.551820
0.964257
0.397905
0.282957
0.691419
0.265910
0.465436
0.817393
0.189151
0.230492
0.475486
0.393914
0.788532
0.041573
0.072876
0.622482
0.403247
0.015578
0.667298
0.372489
0.841695
0.318048
0.714911
0.057018
0.210985
0.811484
0.109840
0.877066
0.600516
0.216976
0.108475
0.152336
0.181232
0.506380
0.435293
0.872652
0.772291
0.900728
0.690045
0.961442
0.131220
0.165531
0.355356
0.919752
0.207104
0.428232
0.542235
0.610351
0.443810
0.209533
0.982840
0.285505
0.527581
0.697751
0.342523
0.738566
0.509236
0.452363
0.615632
0.109751
0.669339
0.724107
0.262087
0.850571
0.230487
0.697379
0.723223
0.002778
0.598108
0.413267
0.964220
0.729328
0.578799
0.319576
0.649080
0.785903
0.747808
0.191315
0.396254
0.191618
0.400848
0.379094
0.477123
0.928429
0.076845
0.819646
0.666994
0.586081
0.272009
0.282626
0.695832
0.941348
0.006733
0.957919
0.791919
0.237221
0.655298
0.515141
0.239999
0.253406
0.928409
0.204219
0.982734
0.507207
0.523794
0.631815
0.293110
0.271602
0.823130
0.689364
0.463220
0.223978
0.068459
0.940343
0.152406
0.145304
0.759989
0.819401
0.731385
0.031998
0.102027
0.427217
0.973346
0.108760
0.385136
0.765265
0.345981
0.040435
0.280406
0.585980
0.293841
0.208814
0.790198
0.276575
0.716022
0.313993
0.908390
0.009132
0.585595
0.731520
0.698497
0.048815
0.955498
0.766955
0.989157
0.107904
0.912259
0.749147
0.927305
0.643644
0.781145
0.029331
0.070862
0.754491
0.138092
0.455998
0.519755
0.484073
0.496432
0.800161
0.070052
0.790273
0.008975
0.860251
0.066849
0.724997
0.174243
0.975239
0.734129
0.759838
0.706759
0.432626
0.808653
0.662257
0.199581
0.797810
0.770161
0.111841
0.546957
0.697465
0.755485
0.328102
0.726797
0.826347
0.082592
0.864888
0.282344
0.602347
0.348961
0.778777
0.402508
0.419013
0.569050
0.411484
0.279264
0.635899
0.136481
0.453508
0.611138
0.870610
0.213346
0.317897
0.303236
0.021999
0.980153
0.502818
0.819809
0.750314
0.614658
0.366766
0.447779
0.370143
0.694867
0.174576
0.196490
0.777460
0.039464
0.478834
0.379807
0.388425
0.257611
0.782315
0.807439
0.826661
0.193799
0.086703
0.462559
0.330280
0.540211
0.073697
0.200891
0.753557
0.391593
0.504127
0.775555
0.371747
0.006945
0.595364
0.122061
0.621603
0.962130
0.569840
0.991746
0.656998
0.744416
0.188236
0.434457
0.783880
0.667070
0.814264
0.172306
0.924681
0.596580
0.979744
0.751341
0.790379
0.066447
0.213901
0.120659
0.606658
0.287598
0.321550
0.360214
0.679191
0.825678
0.135770
0.050938
0.832622
0.731134
0.172999
0.454225
0.693264
0.742839
0.445971
0.350262
0.487255
0.634207
0.784719
0.271136
0.301277
0.598983
0.443441
0.225958
0.195563
0.423186
0.977299
0.985942
0.489633
0.191200
0.106601
0.096291
0.478798
0.428152
0.456505
0.157989
0.253829
0.592275
0.208927
0.086452
0.323409
0.381926
0.540677
0.016674
0.124765
0.986648
0.366936
0.612020
0.620856
0.151655
0.883156
0.922133
0.750639
0.326598
0.148091
0.946202
0.749783
0.125390
0.932144
0.239416
0.316590
0.038745
0.335707
0.795388
0.466897
0.792212
0.953376
0.720726
0.384488
0.162303
0.807177
0.707897
0.544229
0.347854
0.724571
0.668994
0.334503
0.091507
0.281014
0.955359
0.243162
0.164170
0.877491
0.993800
0.490768
0.025582
0.940002
0.240551
0.150972
0.872146
0.479968
0.467562
0.910891
0.815675
0.262950
0.377788
0.607887
0.216326
0.098513
0.992375
0.378629
0.905691
0.700272
0.922858
0.253545
0.424842
0.591852
0.588048
0.516349
0.872866
0.543406
0.759511
0.037036
0.420898
0.753311
0.527804
0.446480
0.693314
0.768355
0.597453
0.565459
0.248323
0.065015
0.476350
0.063998
0.327965
0.854138
0.671885
0.544291
0.952651
0.664260
0.922920
0.858342
0.364532
0.845778
0.111887
0.789374
0.437630
0.699935
0.305723
0.310496
0.243342
0.065234
0.347533
0.664240
0.818546
0.875337
0.110720
0.511859
0.643692
0.708172
0.077319
0.892015
0.773187
0.553669
0.956013
0.101152
0.407807
0.627898
0.645443
0.360458
0.292158
0.568363
0.218800
0.656690
0.414141
0.330687
0.446064
0.851771
0.030623
0.751787
0.162268
0.273964
0.817022
0.509800
0.938204
0.635567
0.385137
0.048924
0.147427
0.028829
0.757096
0.224745
0.920844
0.530283
0.778414
0.876858
0.631435
0.186221
0.504756
0.276878
0.546679
0.796914
0.845241
0.765479
0.453604
0.259382
0.096167
0.899668
0.111153
0.126789
0.651456
0.273420
0.400754
0.468477
0.783221
0.338958
0.104044
0.168357
0.387881
0.251471
0.197186
0.144978
0.476216
0.118031
0.675261
0.254630
0.994888
0.306696
0.440851
0.499644
0.583574
0.987530
0.296559
0.428814
0.753009
0.750163
0.688196
0.849176
0.649831
0.799349
0.975965
0.301287
0.072769
0.376719
0.769764
0.855990
0.715676
0.873809
0.024347
0.103558
0.125280
0.221533
0.248535
0.601496
0.339564
0.923796
0.856126
0.334452
0.230492
0.296977
0.834097
0.814066
0.284507
0.130656
0.242880
0.037517
0.880819
0.931076
0.886693
0.530650
0.730425
0.862658
0.831937
0.803194
0.239377
0.601701
0.659183
0.955053
0.475510
0.683530
0.058611
0.600789
0.905064
0.307146
0.202285
0.244628
0.230943
0.058411
0.579080
0.461435
0.355388
0.413177
0.275501
0.639896
0.543833
0.518381
0.677412
0.424652
0.449457
0.564105
0.955302
0.179882
0.426763
0.787239
0.983076
0.666139
0.388940
0.642259
0.621193
0.864450
0.325790
0.679804
0.465239
0.230854
0.986950
0.667524
0.475482
0.217893
0.725935
0.054562
0.679328
0.081323
0.467739
0.954829
0.721219
0.011572
0.473210
0.398631
0.436224
0.922667
0.962736
0.391526
0.102549
0.389499
0.178765
0.085625
0.055638
0.567705
0.727885
0.676831
0.432155
0.053675
0.356634
0.897394
0.284528
0.343584
0.564917
0.760010
0.561477
0.290852
0.814572
0.240805
0.372175
0.282311
0.195634
0.093393
0.293884
0.668844
0.492024
0.730108
0.591511
0.454760
0.121634
0.694061
0.844259
0.300399
0.779686
0.899897
0.868105
0.507571
0.576728
0.300259
0.561245
0.933363
0.197653
0.845773
0.276947
0.762570
0.605783
0.838424
0.053422
0.420355
0.079229
0.425597
0.702666
0.274863
0.518990
0.996550
0.943707
0.011014
0.726657
0.535218
0.465774
0.848291
0.229278
0.310033
0.148691
0.008964
0.209930
0.016795
0.516535
0.786659
0.317055
0.077780
0.720022
0.514708
0.923553
0.996969
0.277278
0.529336
0.835393
0.330700
0.949691
0.914623
0.756297
0.652357
0.189486
0.275287
0.648907
0.133192
0.286300
0.375564
0.668410
0.752074
0.223856
0.897688
0.062107
0.372546
0.906652
0.272038
0.389342
0.423187
0.058696
0.706396
0.500967
0.778718
0.221104
0.424520
0.775687
0.498383
0.953856
0.611081
0.829083
0.903548
0.525703
0.585380
0.555905
0.715189
0.860666
0.204812
0.848381
0.146967
0.580376
0.516791
0.899041
0.804231
0.414479
0.961148
0.176778
0.321131
0.233186
0.566120
0.744318
0.291882
0.272516
0.245284
0.070601
0.493620
0.669804
0.846288
0.992003
0.623661
0.457369
0.821086
0.527209
0.983072
0.406466
0.083114
0.698261
0.267132
0.287926
0.546642
0.414099
0.868301
0.063433
0.313140
0.672533
0.477911
0.274288
0.849311
0.799042
0.507474
0.415430
0.543360
0.799357
0.687946
0.788644
0.869957
0.181567
0.458449
0.716245
0.173569
0.082110
0.173614
0.994655
0.609318
0.156686
0.401121
0.692432
0.854947
0.668253
0.980358
0.401588
0.082351
0.848659
0.465021
0.395491
0.521192
0.942932
0.669780
0.370503
0.741974
0.177254
0.785933
0.285334
0.976611
0.473879
0.073978
0.846568
0.655446
0.532427
0.562813
0.829015
0.614536
0.736427
0.823670
0.223855
0.893113
0.224791
0.916287
0.748059
0.893044
0.896644
0.149648
0.975395
0.745303
0.614669
0.370887
0.266495
0.557601
0.040667
0.636998
0.299575
0.217921
0.422931
0.584910
0.194531
0.896810
0.658888
0.041100
0.552256
0.191315
0.603913
0.381271
0.805851
0.340340
0.204941
0.029705
0.233453
0.429733
0.945992
0.981512
0.322776
0.842636
0.131160
0.298172
0.587939
0.745828
0.669059
0.854434
0.303429
0.709725
0.491432
0.603005
0.927646
0.914363
0.187915
0.122177
0.811173
0.846802
0.163277
0.363429
0.038117
0.767190
0.744699
0.843968
0.107530
0.949641
0.873673
0.340983
0.379373
0.819665
0.322495
0.702150
0.662301
0.453655
0.000322
0.250240
0.199483
0.669380
0.104675
0.502913
0.379106
0.596107
0.105917
0.306751
0.510470
0.293832
0.428929
0.321642
0.140634
0.592206
0.685071
0.178751
0.359396
0.429770
0.022719
0.466926
0.379411
0.896392
0.807909
0.758785
0.716058
0.130404
0.460935
0.378359
0.584059
0.461256
0.628599
0.783542
0.130637
0.733274
0.286454
0.509742
0.329381
0.392372
0.816494
0.839850
0.686204
0.245423
0.161493
0.826838
0.837628
0.846564
0.005590
0.197024
0.276334
0.028309
0.663950
0.655746
0.924701
0.471859
0.414530
0.640759
0.602263
0.875465
0.019118
0.186322
0.336721
0.647717
0.969864
0.467358
0.380991
0.256319
0.977100
0.710372
0.648691
0.793594
0.550222
0.334895
0.039017
0.711715
0.161733
0.876645
0.558279
0.167322
0.073670
0.834613
0.195631
0.737620
0.490359
0.120333
0.209479
0.904889
0.761091
0.811743
0.780354
0.780209
0.998065
0.117075
0.427926
0.967929
0.584433
0.808917
0.224248
0.561534
0.519288
0.872939
0.355128
0.069510
0.207833
0.394145
0.781225
0.369566
0.270790
0.339504
0.536889
0.344460
0.174117
0.732520
0.082080
0.664475
0.852852
0.291559
0.569364
0.613944
0.103302
0.349718
0.394153
0.101367
0.466793
0.822079
0.069297
0.051226
0.630996
0.293545
0.612760
0.150284
0.166484
0.967888
0.219794
0.374317
0.362033
0.001019
0.743883
0.632823
0.340523
0.280771
0.977283
0.514640
0.013291
0.059363
0.179115
0.866144
0.350922
0.748479
0.480088
0.454225
0.098197
0.874241
0.555592
0.564990
0.696320
0.624889
0.616216
0.327316
0.918434
0.228976
0.477600
0.084917
0.196864
0.697394
0.459234
0.558897
0.698414
0.203117
0.191719
0.038937
0.483888
0.169002
0.553577
0.497180
0.228365
0.732692
0.363324
0.579287
0.481171
0.843411
0.033512
0.579368
0.717652
0.589104
0.144358
0.413972
0.213992
0.760574
0.741287
0.132426
0.989550
0.218887
0.217344
0.186414
0.916281
0.676578
0.745311
0.614695
0.879695
0.937030
0.653632
0.363583
0.106032
0.207209
0.860763
0.334397
0.939900
0.224086
0.913684
0.421071
0.067498
0.947195
0.000439
0.785150
0.536299
0.144797
0.199122
0.750292
0.905372
0.940409
0.882718
0.894922
0.159296
0.100061
0.081336
0.075578
0.776639
0.826647
0.690273
0.656334
0.763677
0.343904
0.019917
0.869709
0.551113
0.880679
0.204106
0.491013
0.104766
0.117790
0.912085
0.172264
0.064986
0.912524
0.957414
0.601285
0.057321
0.156536
0.351576
0.962693
0.096945
0.234294
0.857615
0.256241
0.334355
0.938951
0.331819
0.110994
0.765598
0.022091
0.767328
0.529275
0.365996
0.787244
0.398985
0.917109
0.667924
0.603091
0.408122
0.772690
0.720881
0.320207
0.944954
0.785867
0.232731
0.902367
0.387152
0.290053
0.058903
0.738728
0.252745
0.155848
0.973022
0.110360
0.412089
0.307377
0.049311
0.743907
0.418371
0.814909
0.765999
0.185699
0.344185
0.131995
0.972943
0.743169
0.049104
0.640867
0.346260
0.457226
0.413557
0.067142
0.777434
0.358510
0.853009
0.010165
0.260878
0.240161
0.300217
0.319780
0.978889
0.552963
0.475628
0.951911
0.663323
0.887717
0.259288
0.712634
0.631624
0.677659
0.527543
0.397623
0.863358
0.871728
0.529618
0.836302
0.614897
0.578722
0.477169
0.961158
0.035948
0.890726
0.028299
0.813382
0.249236
0.881308
0.823546
0.510114
0.121469
0.123764
0.829894
0.100358
0.676727
0.305522
0.052268
0.340050
0.193239
0.311556
0.052684
0.824863
0.989215
0.580227
0.222486
0.852574
0.451955
0.752104
0.688875
0.066852
0.330825
0.166044
0.028010
0.366774
0.056769
0.056309
0.180155
0.306005
0.937618
0.003702
0.816119
0.059087
0.127466
0.646013
0.159444
0.804192
0.951535
0.211712
0.144242
0.144774
0.523269
0.196926
0.969637
0.512484
0.777154
0.192122
0.365057
0.229109
0.944226
0.053933
0.295961
0.275051
0.219976
0.323971
0.641825
0.276746
0.380281
0.821980
0.582751
0.317898
0.825682
0.398870
0.376985
0.953148
0.044883
0.536429
0.757340
0.996418
0.748142
0.901582
0.141192
0.271410
0.098508
0.110828
0.783894
0.875662
0.302951
0.148952
0.104771
0.247176
0.202884
0.400732
0.522228
0.422861
0.724703
0.164053
0.699606
0.104984
0.986033
0.282357
0.422882
0.811715
0.681227
0.799867
0.764863
0.726110
0.336297
0.522202
0.722528
0.084438
0.423784
0.863720
0.355849
0.522293
0.974548
0.139743
0.397954
0.277499
0.288694
0.502725
0.524675
0.491578
0.903457
0.046903
0.914439
0.628160
0.210956
0.614045
0.733144
0.196989
0.896403
0.156026
0.008704
0.577630
0.955894
0.773567
0.303741
0.292190
0.295769
0.026269
0.376629
0.719553
0.889989
0.732478
0.241846
0.864538
0.872220
0.639800
0.142036
0.160915
0.142525
0.666712
0.652493
0.045982
0.713615
0.566932
0.674142
0.924571
0.180978
0.407286
0.121560
0.077380
0.563312
0.130264
0.655011
0.519206
0.903831
0.958752
0.811396
0.199600
0.985021
0.188025
0.919153
0.875010
0.920503
0.160999
0.739547
0.792723
0.800799
0.881584
0.953638
0.943324
0.548295
0.606131
0.989306
0.261910
0.173063
0.663448
0.186481
0.354041
0.070733
0.308041
0.431421
0.634045
0.438305
0.086432
0.153250
0.342136
0.045184
0.964646
0.541736
0.030204
0.152671
0.460889
0.905214
0.073174
0.621888
0.644762
0.865897
0.422687
0.526345
0.819535
0.366011
0.074641
0.425666
0.355317
0.336551
0.598730
0.018764
0.523032
0.952771
0.089497
0.831073
0.384192
0.723542
0.269378
0.470624
0.876793
0.611514
0.515808
0.841439
0.153250
0.546013
0.994110
0.614139
0.451227
0.067284
0.236026
0.095989
0.933181
0.658713
0.622334
0.752716
0.024724
0.696975
0.178382
0.380041
0.033526
0.777112
0.398805
0.556558
0.729882
0.488303
0.387631
0.114075
0.211845
0.657009
0.584699
0.088638
0.268524
0.100507
0.930077
0.421774
0.646520
0.924187
0.035912
0.097747
0.991471
0.271939
0.193735
0.924653
0.930652
0.816069
0.677369
0.955376
0.513044
0.855751
0.335417
0.546569
0.632863
0.734222
0.103127
0.362746
0.222525
0.490758
0.476820
0.434370
0.147767
0.061519
0.523008
0.416291
0.162026
0.453085
0.838065
0.808546
0.377272
0.873977
0.906292
0.368744
0.145916
0.100027
0.293397
0.076568
0.916096
0.970766
0.031944
0.429140
0.826517
0.367361
0.975709
0.459380
0.101583
0.078836
0.822126
0.324109
0.569594
0.298946
0.758479
0.717362
0.360465
0.281487
0.133653
0.522491
0.734573
0.971718
0.331037
0.111845
0.845695
0.237329
0.480589
0.991612
0.337357
0.773986
0.068180
0.253453
0.744751
0.100124
0.682593
0.571268
0.467485
0.658302
0.030648
0.569069
0.737138
0.852774
0.893177
0.306732
0.151720
0.651657
0.024094
0.512185
0.933144
0.157747
0.034676
0.667717
0.129465
0.365713
0.779562
0.975160
0.603043
0.260150
0.966772
0.940399
0.034136
0.034952
0.193852
0.778887
0.135076
0.876445
0.350155
0.602561
0.534747
0.380803
0.171629
0.271885
0.233577
0.064807
0.578617
0.385297
0.716463
0.602711
0.897482
0.649607
0.760458
0.932158
0.317324
0.889923
0.297871
0.096885
0.865083
0.900914
0.357036
0.831855
0.841313
0.391172
0.866806
0.035165
0.170059
0.001882
0.911610
0.520214
0.604443
0.446357
0.901017
0.776072
0.718242
0.134594
0.840879
0.296859
0.519891
0.557342
0.899571
0.417372
0.206950
0.660029
0.349530
0.524273
0.549952
0.647401
0.621159
0.415035
0.548315
0.978195
0.246889
0.389628
0.369367
0.113695
0.424793
0.539426
0.115577
0.336403
0.059640
0.720020
0.782760
0.960657
0.496092
0.501002
0.095251
0.336971
0.797861
0.615142
0.894313
0.697432
0.032514
0.101263
0.357461
0.382044
0.625536
0.907412
0.029446
0.246695
0.322447
0.577761
0.224890
0.569336
0.967389
0.594256
0.683032
0.392182
0.133682
0.798609
0.728584
0.193322
0.518629
0.511344
0.153978
0.014721
0.012346
0.249229
0.351691
0.810207
0.864371
0.246005
0.507638
0.896885
0.347267
0.865099
0.278930
0.972803
0.772511
0.308375
0.219498
0.094958
0.886136
0.444388
0.664295
0.853525
0.038644
0.347326
0.245707
0.172326
0.145935
0.974292
0.365647
0.664564
0.485636
0.519626
0.679285
0.497981
0.768855
0.030976
0.308188
0.633226
0.276981
0.815826
0.530111
0.624248
0.680925
0.809041
0.597051
0.453436
0.117416
0.816549
0.548395
0.003553
0.260937
0.212689
0.857078
0.299581
0.560016
0.102785
0.471907
0.705951
0.077077
0.837554
0.370515
0.562712
0.357180
0.049800
0.060693
0.126035
0.080776
0.368881
0.759261
0.357757
0.184708
0.289372
0.982005
0.865633
0.098413
0.579056
0.319069
0.215829
0.395605
0.867464
0.219382
0.656542
0.080153
0.076460
0.956123
0.640169
0.179245
0.428029
0.346120
0.256321
0.265583
0.716634
0.819033
0.622763
0.766434
0.879727
0.748798
0.847210
0.248608
0.508058
0.204967
0.433315
0.797430
0.186971
0.298948
0.895843
0.766027
0.618017
0.111672
0.161632
0.485481
0.331054
0.818174
0.565634
0.407513
0.774297
0.205803
0.586758
0.202326
0.551923
0.843079
0.467909
0.268557
0.662112
0.090672
0.034991
0.541839
0.839469
0.882201
0.790447
0.347528
0.087167
0.223762
0.144958
0.274139
0.522710
0.040801
0.040166
0.140728
0.152473
0.201798
0.626209
0.483527
0.019971
0.191843
0.891040
0.794268
0.397646
0.477798
0.996594
0.949569
0.320877
0.464503
0.218126
0.982989
0.555175
0.253117
0.524828
0.394644
0.135318
0.315274
0.742171
0.222485
0.539037
0.887129
0.496624
0.061747
0.927930
0.536789
0.202475
0.080404
0.738587
0.828683
0.563930
0.758558
0.020527
0.454971
0.552826
0.418173
0.932769
0.549420
0.367742
0.253646
0.013923
0.585868
0.236635
0.569097
0.838985
0.761463
0.963741
0.974303
0.076737
0.705912
0.196788
0.615774
0.593042
0.693411
0.677521
0.520972
0.230201
0.879995
0.601376
0.968787
0.708679
0.165306
0.727345
0.729205
0.620277
0.280171
0.147378
0.553045
0.829591
0.515120
0.806691
0.843514
0.100988
0.043326
0.412611
0.939973
0.804789
0.376352
0.914276
0.881526
0.082265
0.111064
0.497300
0.675306
0.804475
0.174821
0.196278
0.034676
0.054816
0.797654
0.003463
0.763495
0.962960
0.730808
0.492700
0.583237
0.010980
0.640078
0.136282
0.840571
0.155199
0.942974
0.684085
0.256187
0.986300
0.096697
0.196161
0.791089
0.473049
0.110437
0.672615
0.555314
0.221501
0.169915
0.230620
0.025976
0.344735
0.426899
0.060652
0.399551
0.224553
0.064115
0.163046
0.187513
0.794923
0.655746
0.770750
0.805903
0.295824
0.907032
0.646475
0.451023
0.850006
0.330560
0.707210
0.836305
0.427257
0.903371
0.627394
0.900306
0.013808
0.300009
0.455620
0.235309
0.469923
0.686240
0.261284
0.814659
0.113138
0.321936
0.214210
0.337691
0.386051
0.377256
0.525204
0.180975
0.033002
0.295954
0.986878
0.328826
0.202986
0.633353
0.779849
0.052992
0.963913
0.487060
0.889297
0.391169
0.390431
0.516691
0.291475
0.404238
0.816700
0.747094
0.639547
0.286623
0.433334
0.900831
0.101282
0.546473
0.222768
0.315492
0.884164
0.608819
0.692748
0.409368
0.789794
0.725750
0.705322
0.776672
0.054576
0.908308
0.410025
0.834425
0.961299
0.373937
0.321484
0.850596
0.765106
0.711915
0.367287
0.056581
0.116153
0.183987
0.803676
0.755700
0.470610
0.237010
0.656532
0.571892
0.783482
0.879300
0.887384
0.667646
0.488119
0.580132
0.077014
0.277913
0.305882
0.782336
0.054585
0.360457
0.690644
0.464609
0.194882
0.651943
0.838546
0.516366
0.502540
0.603653
0.228281
0.869827
0.660234
0.344434
0.053814
0.463909
0.100134
0.524424
0.700919
0.756666
0.096316
0.484401
0.635966
0.983700
0.152047
0.124084
0.563832
0.229061
0.401997
0.869714
0.011397
0.456582
0.230171
0.702040
0.921191
0.425053
0.353984
0.759737
0.941419
0.856523
0.363389
0.169700
0.726350
0.023623
0.514134
0.780164
0.487533
0.614268
0.304588
0.188451
0.370934
0.400905
0.672853
0.006900
0.384605
0.824900
0.130984
0.948437
0.053961
0.532981
0.818151
0.065357
0.989563
0.048322
0.767398
0.910754
0.473375
0.121382
0.670491
0.414794
0.977905
0.033880
0.584493
0.704255
0.057503
0.098627
0.484419
0.545036
0.712895
0.789007
0.733487
0.083829
0.189911
0.406340
0.090729
0.574516
0.231239
0.221714
0.522954
0.285200
0.754695
0.341105
0.350557
0.744258
0.389427
0.117955
0.655012
0.862802
0.239337
0.325502
0.277596
0.217241
0.359382
0.862090
0.921496
0.416886
0.960717
0.405915
0.961921
0.673612
0.194921
0.695408
0.757441
0.384833
0.101748
0.848171
0.959349
0.332987
0.069885
0.482303
0.618187
0.824580
0.823407
0.968745
0.568838
0.212835
0.086700
0.223850
0.075637
0.326037
0.549352
0.353233
0.543278
0.908735
0.215323
0.464774
0.325620
0.176039
0.870689
0.287542
0.849651
0.065610
0.982950
0.607092
0.450443
0.084698
0.455263
0.409792
0.417685
0.525148
0.892094
0.035873
0.349728
0.715502
0.004617
0.918566
0.928336
0.091317
0.142416
0.003973
0.417354
0.691768
0.357206
0.960632
0.600503
0.572529
0.425406
0.926123
0.748568
0.296095
0.213665
0.598219
0.361705
0.196615
0.205312
0.812148
0.281313
0.660575
0.221940
0.698998
0.185723
0.114034
0.734871
0.535451
0.829536
0.739488
0.454017
0.757872
0.830805
0.596433
0.761845
0.248159
0.288201
0.119051
0.208791
0.888704
0.691580
0.634197
0.814827
0.440148
0.930292
0.028492
0.038368
0.291997
0.225107
0.243679
0.104145
0.506419
0.904254
0.326085
0.205417
0.089977
0.440119
0.940288
0.625428
0.269655
0.679776
0.079445
0.027527
0.510582
0.675877
0.789372
0.758741
0.964079
0.908423
0.967532
0.852783
0.600004
0.601729
0.667610
0.040152
0.532021
0.696102
0.078519
0.824019
0.921208
0.322199
0.928164
0.427628
0.226453
0.254249
0.633045
0.316430
0.694368
0.573333
0.941858
0.964023
0.253110
0.021302
0.991549
0.763691
0.697180
0.780921
0.522432
0.661258
0.689345
0.489964
0.514041
0.289348
0.091693
0.181651
0.329500
0.623715
0.877753
0.408020
0.447733
0.798961
0.730218
0.375897
0.226588
0.956671
0.630146
0.859633
0.273101
0.324514
0.432967
0.214959
0.288537