0.727007
0.516812
0.639370
0.794319
0.715163
0.234586
0.571434
0.784780
0.142081
0.505854
0.692218
0.961686
0.223040
0.501722
0.510353
0.859013
0.572845
0.754967
0.999034
0.471027
0.425166
0.688446
0.206625
0.698896
0.336691
0.321781
0.893952
0.399029
0.227202
0.396645
0.215115
0.954210
0.913457
0.854484
0.748528
0.628620
0.089071
0.319962
0.413400
0.231152
0.825816
0.105618
0.192837
0.048856
0.607340
0.703190
0.907869
0.180185
0.458157
0.906904
0.651213
0.883323
0.595350
0.857837
0.582219
0.932040
0.179618
0.476171
0.331070
0.406821
0.872816
0.546184
0.361031
0.786273
0.400668
0.109559
0.414893
0.489739
0.429521
0.828293
0.720890
0.255338
0.933911
0.913727
0.304194
0.541251
0.616918
0.212063
0.721436
0.075074
0.118967
0.372649
0.958397
0.714316
0.230486
0.540616
0.646356
0.410104
0.016786
0.977426
0.816925
0.889602
0.523610
0.177956
0.675875
0.924278
0.287515
0.090768
0.414017
0.717036
0.919061
0.134908
0.972374
0.852972
0.048635
0.276567
0.394223
0.665553
0.488630
0.115659
0.740627
0.607597
0.488308
0.699024
0.321914
0.718794
0.239640
0.968270
0.128898
0.256427
0.945696
0.945824
0.146029
0.469306
0.123779
0.821904
0.393585
0.411294
0.912671
0.807602
0.128330
0.831732
0.942510
0.100704
0.684704
0.991145
0.377271
0.078926
0.656698
0.865902
0.194585
0.397325
0.473499
0.682893
0.096349
0.795413
0.401687
0.335990
0.763683
0.530585
0.592416
0.709379
0.476409
0.738445
0.178685
0.600188
0.560349
0.572269
0.011482
0.473020
0.379871
0.139812
0.304752
0.322381
0.240516
0.989456
0.313526
0.617787
0.068382
0.970224
0.483688
0.262967
0.367548
0.957187
0.945860
0.463898
0.752600
0.347547
0.799888
0.516282
0.878132
0.392304
0.225661
0.354541
0.130749
0.404346
0.954729
0.691098
0.976615
0.966211
0.164119
0.356486
0.106022
0.468871
0.678867
0.346538
0.458327
0.992393
0.964325
0.526709
0.962617
0.448013
0.789677
0.330165
0.405201
0.735537
0.794063
0.157800
0.083084
0.593950
0.674083
0.961217
0.986254
0.899744
0.315757
0.117004
0.304089
0.270486
0.808102
0.280704
0.236697
0.972220
0.637190
0.342719
0.441091
0.316058
0.689257
0.899418
0.308451
0.653582
0.426128
0.271067
0.101595
0.215804
0.601232
0.506796
0.951342
0.395295
0.664596
0.034426
0.989246
0.338679
0.995642
0.975500
0.238422
0.311400
0.092504
0.542512
0.581886
0.900605
0.823216
0.818582
0.872826
0.460406
0.161301
0.313917
0.776464
0.850558
0.213335
0.084914
0.504140
0.639463
0.355982
0.605735
0.855267
0.957214
0.112531
0.806609
0.352509
0.777127
0.841035
0.341755
0.115806
0.836678
0.317255
0.354228
0.148077
0.409759
0.896740
0.729963
0.310364
0.719955
0.548545
0.183190
0.180362
0.709847
0.497107
0.956826
0.560405
0.710443
0.041740
0.064545
0.349906
0.397722
0.670281
0.205173
0.354936
0.782812
0.011782
0.707445
0.559938
0.852817
0.049200
0.675744
0.689495
0.366456
0.029972
0.837572
0.776215
0.926711
0.567535
0.086579
0.646667
0.116081
0.269769
0.827028
0.825928
0.766877
0.783854
0.386333
0.477319
0.825594
0.450878
0.827225
0.223316
0.121159
0.032398
0.578252
0.903970
0.044180
0.285697
0.463909
0.896998
0.334897
0.139653
0.586492
0.701352
0.169624
0.424065
0.477567
0.096336
0.991600
0.564146
0.743003
0.107681
0.833915
0.570031
0.933608
0.600792
0.353885
0.319941
0.078111
0.179479
0.770819
0.905336
0.402795
0.891977
0.937734
0.981047
0.795947
0.981914
0.266743
0.259856
0.878912
0.601640
0.399509
0.465404
0.302993
0.569133
0.889468
0.780559
0.665469
0.881068
0.344705
0.408471
0.988749
0.178621
0.978503
0.922357
0.779412
0.332388
0.242297
0.857523
0.511867
0.013116
0.762859
0.914662
0.905093
0.700593
0.895708
0.701041
0.682507
0.162452
0.960897
0.561419
0.764092
0.360405
0.026823
0.067084
0.929539
0.916291
0.847644
0.595007
0.797360
0.192349
0.003479
0.786108
0.370970
0.981981
0.708465
0.150382
0.314369
0.950763
0.007906
0.826236
0.963879
0.770765
0.740898
0.868972
0.471358
0.636606
0.570013
0.153865
0.799058
0.530910
0.715284
0.563149
0.891315
0.742107
0.630234
0.820854
0.658398
0.477877
0.415861
0.455758
0.670227
0.419340
0.241866
0.041196
0.401321
0.950331
0.191579
0.715690
0.901094
0.199485
0.541926
0.864973
0.970250
0.282824
0.733945
0.441608
0.919430
0.303958
0.595473
0.718488
0.834868
0.310757
0.281637
0.726183
0.052864
0.911871
0.547037
0.711263
0.389748
0.962898
0.167020
0.059975
0.382238
0.408886
0.101171
0.783560
0.359218
0.292750
0.499250
0.260312
0.492235
0.041177
0.125284
0.462484
0.324001
0.859229
0.904092
0.243431
0.163187
0.499565
0.961918
0.998055
0.810323
0.243555
0.724238
0.863187
0.155426
0.271275
0.574450
0.545175
0.234174
0.741470
0.605149
0.616412
0.150356
0.706321
0.399972
0.509574
0.999071
0.899222
0.769885
0.491305
0.940399
0.895170
0.953789
0.264400
0.754399
0.857882
0.507830
0.917586
0.357447
0.469749
0.915641
0.167770
0.713304
0.639879
0.030957
0.868731
0.911154
0.605406
0.413905
0.145328
0.346876
0.019054
0.761740
0.497232
0.725375
0.161712
0.006806
0.724446
0.060935
0.776692
0.215751
0.001334
0.671861
0.169540
0.265734
0.426260
0.027422
0.773564
0.343846
0.384868
0.243313
0.259487
0.552638
0.956617
0.899366
0.583595
0.825348
0.810520
0.189001
0.239253
0.955848
0.535877
0.258307
0.717588
0.033110
0.983682
0.879301
0.039916
0.708127
0.940235
0.816608
0.923878
0.941569
0.488469
0.093418
0.207303
0.914729
0.120840
0.980867
0.258575
0.505708
0.224180
0.518061
0.058346
0.180797
0.417427
0.641941
0.006144
0.227947
0.830942
0.245397
0.183795
0.366819
0.503704
0.901383
0.399929
0.487386
0.780684
0.439845
0.195513
0.720919
0.256453
0.119392
0.662488
0.744922
0.212810
0.869791
0.659651
0.333649
0.850659
0.918225
0.839357
0.074838
0.436286
0.897703
0.255635
0.853713
0.539644
0.261780
0.081660
0.370586
0.507177
0.265454
0.737405
0.010881
0.166837
0.137335
0.498267
0.947521
0.577180
0.693780
0.668440
0.833633
0.813172
0.330929
0.578554
0.025981
0.200720
0.238205
0.359631
0.051378
0.156430
0.198988
0.126217
0.592716
0.096691
0.381852
0.446429
0.636335
0.643632
0.528088
0.006922
0.150809
0.793543
0.744327
0.161689
0.960380
0.881662
0.659956
0.907901
0.458841
0.353736
0.576341
0.292474
0.166908
0.907270
0.871028
0.192889
0.107990
0.109233
0.552519
0.159368
0.265663
0.751507
0.285585
0.858379
0.848199
0.667437
0.304808
0.484534
0.311069
0.832896
0.491456
0.461878
0.626439
0.235783
0.623567
0.586819
0.117444
0.283523
0.494721
0.576286
0.637259
0.071062
0.868760
0.804166
0.978332
0.739788
0.997055
0.086322
0.849021
0.549575
0.245690
0.114684
0.301082
0.531275
0.973063
0.149280
0.198712
0.277871
0.633814
0.509782
0.110768
0.125270
0.971659
0.737207
0.361053
0.595226
0.324026
0.478497
0.878749
0.818747
0.054783
0.516007
0.889809
0.923542
0.320173
0.868141
0.663331
0.317228
0.954462
0.512352
0.866803
0.200152
0.627036
0.167885
0.731428
0.600099
0.317165
0.930140
0.877971
0.950980
0.439922
0.988738
0.076250
0.411581
0.725945
0.437302
0.006807
0.049972
0.915799
0.885555
0.868719
0.970582
0.401563
0.758528
0.894124
0.721736
0.626669
0.557455
0.038965
0.581131
0.069807
0.905768
0.781284
0.696843
0.073653
0.512711
0.296942
0.390818
0.442851
0.174913
0.341798
0.882773
0.163651
0.418047
0.294353
0.889596
0.855350
0.301160
0.939568
0.771149
0.186716
0.808287
0.741731
0.588278
0.566815
0.635855
0.310014
0.193484
0.193310
0.348979
0.774615
0.263117
0.254747
0.555898
0.959959
0.328399
0.068609
0.256901
0.719217
0.511461
0.431814
0.061015
0.394233
0.595465
0.479062
0.688587
0.485061
0.334412
0.989747
0.424629
0.105561
0.176462
0.232916
0.847291
0.764741
0.799731
0.483147
0.074755
0.993215
0.676457
0.423734
0.767829
0.939573
0.678481
0.323728
0.899533
0.006880
0.392337
0.156434
0.726098
0.903798
0.588248
0.787113
0.298031
0.183713
0.266175
0.986617
0.668775
0.600586
0.976364
0.093404
0.706147
0.152826
0.326320
0.553438
0.917567
0.126052
0.036585
0.992322
0.119266
0.713041
0.416056
0.887096
0.652615
0.094537
0.210824
0.552148
0.101418
0.603161
0.708582
0.827515
0.506959
0.296831
0.614628
0.804990
0.480544
0.880802
0.791607
0.149319
0.481389
0.767971
0.242723
0.187536
0.920798
0.569043
0.740974
0.838365
0.695095
0.777559
0.830687
0.814361
0.490600
0.246743
0.701457
0.143215
0.341280
0.912280
0.695363
0.442697
0.515441
0.403945
0.270213
0.022400
0.700776
0.884840
0.827390
0.181320
0.765643
0.618997
0.330639
0.247032
0.386968
0.573361
0.434567
0.307766
0.142404
0.175542
0.146130
0.837499
0.953101
0.976817
0.651860
0.443701
0.223559
0.353317
0.586916
0.564839
0.265597
0.282280
0.007537
0.781038
0.686225
0.277749
0.803438
0.387001
0.162590
0.630828
0.568321
0.928232
0.249824
0.898959
0.175264
0.636792
0.472320
0.609831
0.944558
0.614725
0.785373
0.090688
0.452224
0.738473
0.067505
0.104083
0.182174
0.291064
0.457400
0.769091
0.855904
0.722997
0.051370
0.863440
0.504035
0.737595
0.141190
0.307473
0.124596
0.303779
0.938301
0.692917
0.232012
0.188125
0.591876
0.407276
0.824918
0.064197
0.017107
0.769476
0.678921
0.802480
0.860164
0.131145
0.540953
0.927669
0.235228
0.723128
0.218733
0.692628
0.492219
0.074637
0.415625
0.543589
0.938077
0.919660
0.281184
0.079267
0.227133
0.405781
0.383046
0.165434
0.098697
0.615058
0.353559
0.690573
0.022334
0.178477
0.754770
0.039441
0.947953
0.433691
0.841921
0.808117