0.138439
0.725333
0.039580
0.175338
0.206096
0.309154
0.368170
0.528636
0.772772
0.068111
0.415312
0.237755
0.413012
0.962893
0.614426
0.884471
0.079370
0.493274
0.856234
0.200206
0.614251
0.403627
0.995428
0.842446
0.233217
0.132702
0.701846
0.761482
0.028994
0.976156
0.197188
0.167433
0.701489
0.236769
0.342770
0.907585
0.545923
0.710941
0.436220
0.318695
0.779051
0.851533
0.556450
0.192063
0.814425
0.170875
0.076534
0.893795
0.664149
0.932768
0.094002
0.278399
0.336395
0.089429
0.120846
0.569612
0.222131
0.822692
0.331095
0.251125
0.798848
0.528283
0.418557
0.500337
0.765052
0.761328
0.407922
0.310975
0.472269
0.844142
0.629670
0.251320
0.695675
0.186119
0.443383
0.510101
0.356995
0.519917
0.403896
0.021143
0.452685
0.497898
0.299543
0.789080
0.587327
0.420389
0.358693
0.809458
0.243080
0.689788
0.060583
0.041929
0.218071
0.479140
0.542266
0.983123
0.240468
0.950188
0.294098
0.712737
0.794330
0.923767
0.964057
0.490005
0.109887
0.407440
0.000106
0.466881
0.927357
0.404002
0.488025
0.380042
0.901899
0.787567
0.169123
0.489226
0.207956
0.527816
0.298684
0.451036
0.217603
0.359267
0.492965
0.435674
0.838407
0.035230
0.418797
0.078875
0.985418
0.712895
0.791611
0.779748
0.636662
0.755668
0.269753
0.746549
0.163108
0.269859
0.213430
0.090465
0.673860
0.701454
0.470507
0.575760
0.489022
0.639630
0.064986
0.696977
0.167446
0.363669
0.148014
0.385049
0.722936
0.640978
0.820723
0.561343
0.676209
0.239520
0.640217
0.661627
0.952415
0.431829
0.441375
0.589077
0.187497
0.711128
0.335626
0.350604
0.980987
0.549055
0.441069
0.654847
0.250510
0.911577
0.230607
0.739531
0.551207
0.295592
0.436509
0.718653
0.659261
0.584522
0.103702
0.382197
0.225501
0.924425
0.943540
0.901709
0.163945
0.583757
0.563336
0.116360
0.015586
0.004711
0.705438
0.203082
0.715839
0.041063
0.553687
0.696825
0.590119
0.994756
0.351672
0.840628
0.906333
0.582279
0.580160
0.457540
0.877871
0.016668
0.176192
0.537132
0.601190
0.279894
0.919330
0.826691
0.204319
0.862870
0.728400
0.368264
0.446627
0.291737
0.484624
0.462212
0.296448
0.190062
0.665294
0.012286
0.231125
0.218981
0.709112
0.821244
0.213737
0.060784
0.661872
0.120069
0.643063
0.242032
0.577609
0.520934
0.258700
0.753801
0.058066
0.859891
0.033695
0.977396
0.686582
0.238014
0.840266
0.414982
0.606278
0.286892
0.706719
0.090902
0.749104
0.003166
0.280964
0.414399
0.015453
0.512089
0.633380
0.724565
0.333333
0.847116
0.785349
0.995206
0.967186
0.428412
0.237238
0.544795
0.949346
0.495938
0.298596
0.007413
0.355829
0.332291
0.984809
0.042410
0.570306
0.825075
0.457392
0.176584
0.111967
0.164111
0.267486
0.861072
0.167278
0.548450
0.275470
0.182730
0.060540
0.908850
0.907295
0.393873
0.755966
0.692644
0.389079
0.723152
0.121057
0.626317
0.267947
0.070403
0.122254
0.566543
0.077816
0.478083
0.898834
0.062625
0.520493
0.469140
0.887700
0.977886
0.645724
0.999667
0.141997
0.913210
0.860738
0.309275
0.461660
0.136209
0.492005
0.522200
0.045059
0.399300
0.916073
0.801025
0.091944
0.305152
0.524177
0.213001
0.931469
0.792123
0.283404
0.053723
0.358666
0.361220
0.531806
0.257500
0.423845
0.052299
0.726640
0.311544
0.030185
0.372364
0.311211
0.172182
0.285573
0.171950
0.481457
0.747233
0.308158
0.973462
0.269433
0.353217
0.372762
0.185507
0.154242
0.464707
0.490659
0.678418
0.677707
0.422127
0.470541
0.961111
0.475851
0.829207
0.322331
0.007657
0.086707
0.746176
0.059956
0.813348
0.057720
0.090141
0.185711
0.368931
0.262324
0.471285
0.540880
0.743781
0.218518
0.849039
0.717243
0.487951
0.202255
0.090005
0.673458
0.356497
0.554711
0.164117
0.034915
0.232419
0.586244
0.505456
0.193530
0.062095
0.334663
0.515861
0.069751
0.421371
0.262037
0.129707
0.234719
0.319756
0.219849
0.420430
0.688687
0.482173
0.891714
0.229568
0.225953
0.110232
0.078607
0.943196
0.598184
0.280862
0.033201
0.271642
0.637359
0.587912
0.435758
0.672274
0.820331
0.022002
0.177730
0.013861
0.084097
0.512394
0.529722
0.153848
0.933765
0.791758
0.283555
0.168483
0.111515
0.503404
0.588913
0.800202
0.985577
0.480628
0.029770
0.211530
0.590860
0.108377
0.154726
0.189044
0.389239
0.187926
0.460685
0.026598
0.775838
0.896443
0.698872
0.596169
0.918446
0.876602
0.610029
0.002542
0.388996
0.139751
0.156390
0.322761
0.931509
0.439946
0.491244
0.043024
0.943350
0.080158
0.843226
0.928927
0.560785
0.872996
0.140456
0.151645
0.981372
0.295182
0.340689
0.370611
0.483108
0.801375
0.397209
0.258946
0.697818
0.096080
0.855115
0.616263
0.972683
0.465144
0.618806
0.361679
0.604895
0.775196
0.684440
0.536404
0.215142
0.175684
0.579427
0.158492
0.255842
0.422653
0.087418
0.816627
0.295648
0.227875
0.968273
0.277021
0.523057
0.308962
0.647631
0.006165
0.110337
0.044840
0.265112
0.808155
0.140920
0.120226
0.424418
0.113603
0.585370
0.043224
0.475282
0.190265
0.818420
0.159722
0.726669
0.033561
0.335406
0.306096
0.192053
0.591248
0.728749
0.279471
0.407875
0.024397
0.507346
0.376148
0.301418
0.030403
0.685110
0.949049
0.036568
0.795447
0.993889
0.301680
0.603601
0.134810
0.421906
0.028019
0.248413
0.007276
0.071243
0.723694
0.197542
0.889663
0.883416
0.924210
0.923224
0.218822
0.230307
0.115277
0.810070
0.959056
0.394749
0.217945
0.983453
0.902095
0.594093
0.284871
0.932497
0.279203
0.233920
0.969065
0.074650
0.227810
0.270745
0.678251
0.362619
0.692651
0.706271
0.611032
0.699927
0.777514
0.334726
0.897469
0.667176
0.218142
0.821679
0.590401
0.436964
0.051986
0.705678
0.247034
0.011042
0.100427
0.464980
0.994495
0.002521
0.059073
0.279366
0.935019
0.338276
0.513286
0.904084
0.412927
0.741096
0.174829
0.091178
0.103715
0.867480
0.797449
0.714747
0.567407
0.574962
0.049473
0.464876
0.242139
0.267615
0.286555
0.832539
0.704580
0.338541
0.538217
0.951614
0.349583
0.638644
0.416594
0.344077
0.641165
0.475667
0.623443
0.576184
0.813943
0.136729
0.480268
0.226870
0.877825
0.655097
0.318048
0.981540
0.522576
0.115496
0.696287
0.089983
0.690459
0.745760
0.554859
0.932597
0.013375
0.841414
0.765136
0.717954
0.179955
0.303354
0.669568
0.529538
0.941998
0.086162
0.873615
0.583163
0.561829
0.497058
0.159346
0.375772
0.633787
0.639614
0.602642
0.511612
0.294710
0.920689
0.493152
0.817287
0.036186
0.189438
0.907270
0.726644
0.935198
0.462129
0.659241
0.948573
0.303544
0.424378
0.666527
0.483499
0.727732
0.336095
0.013037
0.669729
0.422257
0.886652
0.252892
0.984086
0.383710
0.412238
0.359858
0.017497
0.051852
0.962499
0.529109
0.346562
0.883188
0.022261
0.163849
0.919374
0.211699
0.071120
0.646018
0.146897
0.533249
0.305260
0.095470
0.836793
0.729637
0.761997
0.320292
0.457369
0.098092
0.333329
0.127098
0.520350
0.219982
0.379990
0.504435
0.603692
0.792228
0.864293
0.621190
0.844080
0.826792
0.150299
0.190642
0.709981
0.172560
0.354492
0.629355
0.384259
0.425611
0.275373
0.531156
0.958860
0.580633
0.626626
0.795653
0.310270
0.388623
0.115945
0.767639
0.486716
0.449275
0.894737
0.007066
0.669257
0.274727
0.511501
0.272949
0.066955
0.375794
0.894139
0.911035
0.202587
0.044438
0.101678
0.912567
0.216998
0.456170
0.541922
0.601257
0.881781
0.817295
0.132413
0.840641
0.397928
0.759040
0.636294
0.708198
0.147663
0.752239
0.475837
0.634379
0.201514
0.370575
0.641445
0.870771
0.645302
0.152946
0.143720
0.712257
0.528740
0.037858
0.623292
0.731326
0.082296
0.724970
0.643894
0.299294
0.181140
0.185816
0.900551
0.062920
0.003111
0.032964
0.903562
0.401040
0.792004
0.539856
0.109238
0.939667
0.292095
0.585075
0.574046
0.493609
0.955650
0.215490
0.364380
0.600952
0.368436
0.508100
0.313209
0.897176
0.545958
0.936501
0.628502
0.628254
0.661471
0.272396
0.927548
0.842611
0.458212
0.828098
0.905531
0.461324
0.861062
0.809093
0.862363
0.653066
0.348949
0.971601
0.592732
0.641044
0.556676
0.166778
0.134654
0.512326
0.382269
0.499034
0.113278
0.750705
0.007133
0.426487
0.647881
0.553091
0.362988
0.276383
0.181345
0.024460
0.548779
0.108892
0.867071
0.006991
0.936990
0.772602
0.468315
0.798052
0.581695
0.330678
0.451118
0.930644
0.302280
0.043851
0.571688
0.858956
0.210629
0.706342
0.371282
0.592897
0.205375
0.484560
0.343602
0.212508
0.911047
0.991483
0.765599
0.274036
0.267866
0.946944
0.298495
0.816645
0.055836
0.165566
0.823636
0.992827
0.938168
0.291951
0.790879
0.519863
0.622630
0.241997
0.450507
0.924909
0.285848
0.022195
0.783865
0.496477
0.728537
0.155148
0.089374
0.933912
0.639708
0.432976
0.146421
0.550756
0.424459
0.912020
0.824791
0.692325
0.858964
0.123287
0.508970
0.914801
0.288853
0.332606
0.907627
0.227021
0.624557
0.698506
0.746884
0.247187
0.940504
0.197392
0.172097
0.226352
0.219587
0.955962
0.722828
0.948124
0.111110
0.812202
0.882037
0.750818
0.245178
0.028458
0.301573
0.669637
0.940478
0.126365
0.361962
0.799442
0.249652
0.870931
0.714243
0.538505
0.203537
0.621870
0.765526
0.828095
0.320376
0.512410
0.075282
0.260880
0.709802
0.247378
0.487232
0.929389
0.203340
0.210060
0.877513
0.314450
0.022262
0.759550
0.065267
0.267440
0.788008
0.366841
0.937077
0.728485
0.493205
0.299039
0.527928
0.742857
0.169970
0.242170
0.281362
0.373507
0.864040
0.046888
0.201602
0.184417
0.559298
0.276884
0.445297
0.269100
0.524262
0.932529
0.198489
0.727602
0.142589
0.076002
0.042052
0.164851
0.835552
0.107319
0.432291
0.623560
0.474160
0.369368
0.352045
0.967365
0.668407
0.879973
0.710222
0.838377
0.122143
0.991584
0.211884
0.986184
0.038472
0.413486
0.170600
0.597770
0.690370
0.615898
0.866870
0.214632
0.548426
0.065359
0.942234
0.691015
0.141361
0.984286
0.855866
0.976914
0.091605
0.288157
0.600474
0.565764
0.657525
0.952519
0.533129
0.325932
0.832492
0.243352
0.164309
0.954635
0.234936
0.376193
0.940819
0.273407
0.789679
0.111419
0.871177
0.480049
0.727317
0.738046
0.694681
0.275743
0.803405
0.636915
0.966758
0.944766
0.621201
0.822624
0.921680
0.712805
0.110781
0.522153
0.278570
0.768306
0.474672
0.811699
0.094238
0.307164
0.055051
0.258547
0.261799
0.289986
0.634740
0.202618
0.563394
0.424419
0.314037
0.434570
0.904469
0.041354
0.172617
0.599150
0.317097
0.976022
0.236065
0.283855
0.920788
0.857265
0.106479
0.842468
0.570070
0.217260
0.364621
0.848640
0.985566
0.839293
0.660339
0.079804
0.146458
0.715390
0.338350
0.408257
0.005376
0.973090
0.610875
0.568770
0.397510
0.924912
0.003340
0.301978
0.966266
0.175957
0.901128
0.283363
0.151979
0.137192
0.567218
0.072767
0.994458
0.673697
0.915235
0.564528
0.890958
0.279856
0.413168
0.876523
0.119149
0.073507
0.956327
0.265607
0.788897
0.294677
0.673863
0.794273
0.267768
0.284738
0.363043
0.665277
0.209650
0.366384
0.967255
0.175916
0.542341
0.868383
0.459279
0.694319
0.005575
0.026497
0.767086
0.000033
0.700194
0.682321
0.564561
0.591152
0.962176
0.977729
0.467675
0.081326
0.051237
0.424002
0.346932
0.840134
0.718680
0.020796
0.634407
0.986447
0.305534
0.997450
0.651725
0.515184
0.363834
0.618980
0.691099
0.906175
0.487363
0.150378
0.600494
0.492938
0.176875
0.367580
0.492972
0.877070
0.049901
0.057533
0.468221
0.012078
0.035262
0.935897
0.093403
0.086499
0.359899
0.440335
0.926633
0.078579
0.461131
0.561040
0.065026
0.766665
0.558490
0.716751
0.281848
0.922324
0.335731
0.972948
0.828499
0.823094
0.123326
0.428993
0.316032
0.300201
0.796573
0.809004
0.177271
0.846475
0.866537
0.645492
0.858552
0.901799
0.581389
0.951955
0.988298
0.941288
0.392291
0.914931
0.019867
0.853422
0.475971
0.084894
0.620086
0.034461
0.801645
0.901935
0.956786
0.137376
0.874882
0.785285
0.960469
0.998208
0.214278
0.276502
0.298409
0.010851
0.085506
0.475680
0.857326
0.952042
0.121172
0.715878
0.853842
0.702561
0.667834
0.842140
0.643849
0.060124
0.757071
0.663716
0.913546
0.233042
0.748609
0.533633
0.267503
0.550254
0.435567
0.224289
0.687630
0.310449
0.009573
0.648099
0.308657
0.223851
0.924601
0.607066
0.234702
0.010107
0.082746
0.092028
0.962149
0.203918
0.807906
0.815991
0.906479
0.475740
0.658131
0.550328
0.535864
0.415201
0.214043
0.449411
0.648243
0.962653
0.983043
0.915746
0.512907
0.418610
0.140035
0.200537
0.729060
0.149608
0.848636
0.037717
0.373459
0.773237
0.644783
0.608162
0.783343
0.727530
0.700190
0.745492
0.931448
0.508096
0.561483
0.837926
0.983836
0.219614
0.388254
0.519701
0.634815
0.602297
0.969111
0.283058
0.564950
0.952154
0.198805
0.077857
0.370765
0.338840
0.278394
0.099824
0.488448
0.127030
0.137542
0.861907
0.900266
0.782325
0.470069
0.683610
0.509855
0.170259
0.429102
0.441302
0.678356
0.990585
0.279228
0.662192
0.210199
0.667482
0.181892
0.845014
0.269780
0.151003
0.128072
0.834730
0.103158
0.326877
0.912587
0.473923
0.665716
0.190981
0.573747
0.154164
0.318011
0.711288
0.016072
0.218277
0.493613
0.486141
0.901887
0.003468
0.656400
0.330989
0.444770
0.334756
0.321574
0.723999
0.996947
0.531773
0.391481
0.178840
0.376786
0.661261
0.329843
0.504859
0.495991
0.433001
0.831735
0.408578
0.906924
0.497452
0.599559
0.480670
0.651616
0.917570
0.191959
0.667688
0.135848
0.685572
0.153829
0.037734
0.689040
0.810229
0.368723
0.133811
0.144985
0.690297
0.857809
0.141932
0.222070
0.249290
0.320772
0.598856
0.910551
0.650616
0.103715
0.406542
0.083617
0.935450
0.815120
0.990540
0.432902
0.414679
0.471211
0.084518
0.332250
0.663170
0.752206
0.468097
0.348742
0.906035
0.505832
0.037782
0.716264
0.874555
0.171593
0.861249
0.564852
0.029402
0.003182
0.786922
0.278692
0.323954
0.385778
0.189243
0.974570
0.489492
0.595785
0.058186
0.424942
0.410905
0.048726
0.857844
0.825584
0.519937
0.942362
0.157834
0.183106
0.694568
0.625931
0.531848
0.600603
0.131763
0.569631
0.316867
0.006318
0.741224
0.178116
0.571170
0.770626
0.181298
0.358092
0.049318
0.505252
0.743869
0.238562
0.479822
0.233362
0.834347
0.538008
0.658304
0.245252
0.586735
0.516147
0.070836
0.106671
0.458509
0.228670
0.289778
0.153077
0.854602
0.821626
0.753679
0.986365
0.391257
0.070546
0.992683
0.132481
0.248663
0.563853
0.903107
0.429961
0.921945
0.952425
0.935213
0.665814
0.190987
0.415035
0.899176
0.025334
0.953044
0.557479
0.270585
0.539778
0.073627
0.341422
0.646450
0.532136
0.570092
0.936227
0.685212
0.424693
0.757853
0.438891
0.411058
0.149110
0.509438
0.403741
0.281591
0.758100
0.967594
0.184697
0.188061
0.889539
0.137122
0.123274
0.555354
0.328109
0.538310
0.454529
0.353442
0.491353
0.012009
0.624028
0.031132
0.085636
0.965449
0.677581
0.617771
0.535541
0.613808
0.302983
0.960235
0.371662
0.741875
0.371293
0.520771
0.251312
0.775034
0.802362
0.009413
0.742628
0.987059
0.197474
0.632167
0.124181
0.320748
0.187521
0.452290
0.859058
0.642050
0.805733
0.350412
0.654059
0.429761
0.381543
0.739695
0.395210
0.059124
0.357466
0.930751
0.672933
0.660449
0.890986
0.044594
0.402324
0.262278
0.565366
0.653636
0.037312
0.367728
0.663049
0.779940
0.354787
0.860522
0.412108
0.478968
0.181271
0.599629
0.931258
0.040329
0.241679
0.736991
0.390740
0.895738
0.166751
0.772283
0.635432
0.561961
0.831408
0.992898
0.492712
0.504341
0.653347
0.383698
0.548935
0.055671
0.645976
0.114301
0.709308
0.683289
0.482028
0.372356
0.463229
0.836815
0.232879
0.875337
0.315783
0.414149
0.474966
0.247042
0.454478
0.716644
0.984033
0.845218
0.612382
0.150784
0.617502
0.247815
0.712745
0.448910
0.240713
0.205458
0.953250
0.894060
0.589156
0.502185
0.949732
0.235132
0.616486
0.659039
0.918421
0.098514
0.031395
0.381650
0.935329
0.264274
0.256987
0.251113
0.678424
0.731953
0.498154
0.132902
0.448597
0.482187
0.978120
0.060979
0.632971
0.595622
0.308794
0.345716
0.044531
0.549507
0.551174
0.997781
0.443567
0.140330
0.499966
0.393299
0.375462
0.116452
0.052338
0.293883
0.214965
0.083734
0.675533
0.150295
0.348008
0.932520
0.401407
0.026431
0.664473
0.899562
0.159333
0.113070
0.381748
0.137453
0.174049
0.014719
0.733074
0.482843
0.360436
0.777605
0.032349
0.911609
0.775386
0.475917
0.051939
0.275352
0.869216
0.427401
0.391804
0.921554
0.721283
0.606769
0.005287
0.396816
0.757064
0.353295
0.329336
0.158471
0.379727
0.993809
0.058033
0.539060
0.106878
0.439781
0.676512
0.280927
0.454501
0.409587
0.763770
0.814936
0.187192
0.796119
0.726546
0.962578
0.272035
0.778484
0.237931
0.141251
0.205885
0.629735
0.062805
0.927168
0.236504
0.068092
0.323984
0.993568
0.421387
0.653320
0.152039
0.801114
0.647129
0.210072
0.340173
0.754007
0.649853
0.016686
0.034934
0.104354
0.426272
0.798703
0.919290
0.613464
0.594822
0.645836
0.576043
0.866858
0.424320
0.813974
0.008109
0.630205
0.443708
0.070914
0.557374
0.680212
0.139006
0.881358
0.673780
0.560393
0.534679
0.825820
0.361507
0.181807
0.035892
0.701680
0.935814
0.685745
0.718366
0.970748
0.790099
0.144639
0.769452
0.709390
0.758103
0.364274
0.355226
0.334146
0.231132
0.779546
0.148120
0.239241
0.409751
0.591828
0.310154
0.967125
0.272040
0.449160
0.848483
0.945821
0.009553
0.383162
0.771641
0.371059
0.564969
0.807532
0.072740
0.500784
0.493278
0.791106
0.471532
0.283377
0.935744
0.240984
0.992767
0.693847
0.605258
0.347992
0.027993
0.836389
0.127538
0.176113
0.075630
0.537289
0.767941
0.385784
0.504414
0.039981
0.834944
0.352898
0.985802
0.844497
0.736059
0.757442
0.215556
0.301028
0.564975
0.288296
0.801812
0.058252
0.079402
0.273344
0.341630
0.015146
0.514327
0.334396
0.708994
0.119585
0.682389
0.736987
0.955975
0.809927
0.913100
0.031605
0.347217
0.681041
0.417389
0.851631
0.721022
0.252333
0.204529
0.706823
0.096830
0.940588
0.464266
0.312386
0.241616
0.029240
0.600682
0.043428
0.087493
0.680083
0.316772
0.429122
0.695230
0.831099
0.763519
0.404223
0.950684
0.445907
0.141210
0.906659
0.255834
0.054310
0.938264
0.603051
0.735351
0.355653
0.454682
0.456372
0.607986
0.659211
0.163196
0.704815
0.599799
0.627461
0.017201
0.841415
0.656702
0.617882
0.884843
0.744194
0.297966
0.201615
0.173316
0.993195
0.032714
0.936835
0.397418
0.983399
0.382742
0.538629
0.890058
0.638577
0.592939
0.828321
0.241628
0.328290
0.183974
0.696310
0.784662
0.791960
0.355521
0.947858
0.496775
0.955319
0.575319
0.513975
0.796734
0.232021
0.131858
0.681577
0.976215
0.429823
0.883192
0.149531
0.423018
0.915907
0.086366
0.820437
0.899306
0.469108
0.359066
0.789363
0.107685
0.952004
0.617685
0.349313
0.280294
0.801659
0.045622
0.064956
0.593618
0.401143
0.012814
0.090393
0.356462
0.588133
0.604368
0.153196
0.820153
0.736226
0.834773
0.796368
0.166049
0.717965
0.945899
0.589067
0.633872
0.032265
0.409504
0.533178
0.501373
0.768570
0.322541
0.609058
0.720574
0.940226
0.958370
0.000868
0.741885
0.003992
0.065824
0.335503
0.405135
0.078638
0.425896
0.761597
0.666771
0.030264
0.914794
0.486925
0.766490
0.749567
0.283293
0.932539
0.467532
0.229192
0.521606
0.101404
0.261456
0.931111
0.634582
0.762829
0.699680
0.957123
0.371887
0.420255
0.897349
0.330257
0.421123
0.639233
0.334249
0.486948
0.974736
0.739385
0.565586
0.400632
0.500982
0.232357
0.430896
0.415776
0.719282
0.197386
0.165342
0.002574
0.129925
0.632875
0.231766
0.651531
0.734279
0.493222
0.582642
0.368861
0.256051
0.282322
0.325984
0.627938
0.702577
0.223333
0.958195
0.123700
0.862566
0.292444
0.610648
0.837302
0.031828
0.176234
0.237934
0.532810
0.408591
0.668830
0.948586
0.127872
0.866216
0.113928
0.130446
0.996140
0.746803
0.362212
0.647671
0.481082
0.855434
0.230313
0.849943
0.111485
0.512635
0.175927
0.739423
0.215212
0.399260
0.697617
0.338913
0.261826
0.990061
0.949560
0.099128
0.021890
0.125794
0.337062
0.554700
0.534384
0.005892
0.503286
0.662256
0.872108
0.617214
0.792703
0.868248
0.364017
0.154914
0.515920
0.845099
0.010348
0.746233
0.695041
0.121833
0.258868
0.870968
0.861256
0.474081
0.270228
0.558874
0.812994
0.532054
0.548935
0.762554
0.631182
0.570824
0.888347
0.968244
0.125524
0.422732
0.974136
0.628810
0.084988
0.846244
0.246024
0.877691
0.714493
0.610041
0.032605
0.230412
0.455140
0.042954
0.976645
0.150181
0.164787
0.235514
0.021149
0.026043
0.709595
0.291377
0.584917
0.522588
0.823431
0.133851
0.285142
0.454613
0.704676
0.173490
0.422858
0.830200
0.596221
0.396994
0.459010
0.681210
0.243238
0.705034
0.558900
0.957731
0.315076
0.591506
0.188144
0.770215
0.634459
0.164789
0.920396
0.799246
0.400303
0.941545
0.825289
0.109898
0.232923
0.410206
0.632486
0.056354
0.544057
0.917629
0.510968
0.248733
0.091118
0.933825
0.078933
0.687340
0.330820
0.537943
0.368549
0.574058
0.242977
0.927450
0.531789
0.558053
0.518955
0.719933
0.328268
0.153415
0.884722
0.248664
0.952661
0.285025
0.190210
0.777950
0.394923
0.423132
0.188155
0.027409
0.479487
0.732212
0.945038
0.990455
0.980945
0.036156
0.924280
0.059878
0.723495
0.255100
0.597821
0.092045
0.829158
0.840798
0.019494
0.360947
0.398851
0.538450
0.080880
0.727119
0.691864
0.965601
0.975783
0.644525
0.250626
0.165993
0.422475
0.645549
0.589125
0.610630
0.672958
0.068612
0.342843
0.617996
0.059066
0.323787
0.654151
0.983346
0.383665
0.377647
0.238446
0.981486
0.469691
0.067604
0.822284
0.489186
0.428550
0.221135
0.027635
0.509430
0.948254
0.719500
0.475031
0.924037
0.364024
0.725657
0.090029
0.786499
0.371206
0.679155
0.397129
0.044164
0.747766
0.739972
0.662160
0.806833
0.063759
0.316311
0.790179
0.447424
0.693958
0.028625
0.428910
0.163649
0.096229
0.251194
0.652835
0.524779
0.472328
0.680470
0.034209
0.420582
0.399970
0.509241
0.344619
0.763994
0.234898
0.434648
0.550493
0.606105
0.113803
0.947623
0.650269
0.861569
0.687594
0.312429
0.668402
0.751354
0.628740
0.458581
0.198778
0.322698
0.487207
0.627688
0.486347
0.583436
0.878882
0.139182
0.108215
0.351210
0.819652
0.142424
0.771792
0.219622
0.651665
0.116411
0.983617
0.886563
0.551059
0.534110
0.492668
0.664861
0.481733
0.142936
0.526430
0.169327
0.455365
0.194832
0.920680
0.084105
0.653413
0.119458
0.406803
0.140620
0.747146
0.893150
0.724056
0.626028
0.032332
0.832271
0.977238
0.851985
0.974695
0.749030
0.071607
0.626360
0.865441
0.055224
0.512923
0.416499
0.589334
0.005591
0.081361
0.071066
0.148527
0.607791
0.240393
0.603893
0.802623
0.161073
0.687998
0.456036
0.280532
0.094800
0.596656
0.027678
0.987950
0.320712
0.653706
0.020283
0.152983
0.630944
0.872267
0.127678
0.379974
0.943874
0.754039
0.245415
0.999098
0.266962
0.661914
0.588431
0.272553
0.743275
0.659498
0.421080
0.351066
0.899891
0.024973
0.153688
0.060964
0.712970
0.609725
0.341496
0.807771
0.206381
0.369174
0.795721
0.527093
0.022880
0.816004
0.680076
0.653824
0.688271
0.807755
0.033798
0.632146
0.561793
0.279213
0.631243
0.828755
0.941128
0.219675
0.101308
0.684403
0.879172
0.522388
0.035468
0.779063
0.547361
0.189157
0.840027
0.260331
0.798881
0.181522
0.068102
0.005262
0.550696
0.863824
0.532355
0.573576
0.679828
0.212432
0.227400
0.368099
0.020186
0.261198
0.000244
0.581979
0.540412
0.631488
0.410734
0.481540
0.851162
0.512042
0.165943
0.730335
0.034430
0.201411
0.509397
0.581791
0.390568
0.349424
0.842122
0.189449
0.530947
0.910225
0.194711
0.081643
0.774048
0.727067
0.655219
0.453876
0.939499
0.882619
0.821975
0.959685
0.143818
0.822219
0.541664
0.684230
0.453707
0.952398
0.165769
0.304870
0.464441
0.331712
0.035204
0.498871
0.533123
0.544602
0.080662
0.923691
0.894026
0.922784
0.113140
0.424973
0.833009
0.307851
0.506615
0.607057
0.034918
0.161834
0.060933
0.974417
0.044454
0.882908
0.934102
0.188271
0.705127
0.475766
0.872501
0.158834
0.428164
0.038270
0.463704
0.892605
0.369982
0.498908
0.391476
0.903105
0.043510
0.472138
0.826796
0.937536
0.394922
0.939936
0.362509
0.227931
0.247787
0.869124
0.834988
0.282706
0.030959
0.895922
0.257123
0.075412
0.778830
0.191224
0.263683
0.483957
0.666990
0.136184
0.642791
0.095154
0.174454
0.106496
0.987759
0.544436
0.605404
0.379235
0.447541
0.648914
0.851372
0.274337
0.586450
0.246295
0.214273
0.948959
0.474226
0.462061
0.818083
0.309214
0.744766
0.849041
0.205136
0.001889
0.924454
0.983966
0.193113
0.188137
0.467923
0.860103
0.324321
0.110714
0.955257
0.498775
0.217209
0.943016
0.043211
0.822613
0.322251
0.490753
0.471527
0.173623
0.765090
0.057978
0.419918
0.979363
0.006936
0.894144
0.441424
0.825019
0.203358
0.186190
0.674060
0.408494
0.188079
0.598514
0.392460
0.381192
0.786651
0.860382
0.241295
0.110972
0.971096
0.196553
0.609747
0.188305
0.139569
0.652958
0.010919
0.461820
0.143711
0.482446
0.635443
0.908801
0.540424
0.055361
0.888164
0.547360
0.949504
0.329588
0.372379
0.152862
0.515778
0.046440
0.561356
0.703857
0.644954
0.953816
0.085050
0.431604
0.814198
0.326345
0.542576
0.785294
0.522898
0.152323
0.973599
0.662467
0.805282
0.984518
0.124286
0.948993
0.466964
0.759729
0.857794
0.007388
0.815089
0.745958
0.554748
0.764594
0.075546
0.927127
0.917456
0.591325
0.973566
0.478812
0.295182
0.618520
0.432628
0.380232
0.050124
0.246826
0.706577
0.592701
0.032120
0.229475
0.745024
0.005719
0.891942
0.550306
0.990237
0.016228
0.499298
0.457202
0.775957
0.357092
0.464589
0.591046
0.103051
0.019337
0.355640
0.178597
0.946464
0.273096
0.769922
0.920031
0.751909
0.065104
0.538551
0.184537
0.445335
0.588675
0.431363
0.151912
0.181376
0.463483
0.381388
0.926400
0.469202
0.273329
0.476705
0.459440
0.289557
0.976003
0.916641
0.065514
0.333096
0.381231
0.656560
0.436146
0.400568
0.012201
0.614743
0.347032
0.285297
0.384665
0.267063
0.037205
0.449769
0.805613
0.221742
0.895104
0.394288
0.653105
0.047016
0.575664
0.116588
0.428404
0.502063
0.585791
0.701733
0.978769
0.045230
0.991290
0.954772
0.961872
0.056804
0.287868
0.343103
0.713365
0.724014
0.743671
0.725565
0.338758
0.090703
0.010862
0.723423
0.357766
0.048067
0.173191
0.163379
0.269809
0.068295
0.557667
0.922915
0.115312
0.133331
0.039503
0.543716
0.635395
0.625293
0.245449
0.614163
0.670524
0.236739
0.568935
0.632395
0.293544
0.856803
0.975498
0.006908
0.580817
0.719169
0.732474
0.919575
0.809872
0.743336
0.642998
0.167637
0.791403
0.816189
0.331017
0.061213
0.884484
0.888684
0.984128
0.999796
0.022015
0.023630
0.543511
0.657410
0.648923
0.788960
0.271573
0.319447
0.025699
0.840509
0.951842
0.319243
0.697312
0.927340
0.326151
0.278129
0.646509
0.058625
0.197704
0.456381
0.801961
0.840702
0.624018
0.593365
0.656891
0.955035
0.654578
0.541375
0.843719
0.638705
0.541171
0.865734
0.662335
0.084683
0.523144
0.311259
0.873643
0.794718
0.630705
0.899342
0.635226
0.582548
0.218585
0.332538
0.509888
0.544736
0.610667
0.156397
0.603361
0.808372
0.612777
0.405323
0.649074
0.236795
0.998687
0.305965
0.191830
0.653265
0.847340
0.035549
0.291970
0.388512
0.901283
0.954305
0.473195
0.424427
0.265564
0.346838
0.219144
0.896270
0.246180
0.854371
0.478817
0.464765
0.186909
0.988705
0.009501
0.797576
0.145102
0.612862
0.605948
0.757879
0.018185
0.255021
0.994674
0.016872
0.560986
0.186504
0.670137
0.408326
0.222053
0.962107
0.796838
0.123336
0.916413
0.270033
0.547763
0.181977
0.616870
0.766907
0.078246
0.863050
0.621278
0.557064
0.327815
0.808186
0.545768
0.337316
0.605762
0.690870
0.950178
0.211710
0.448749
0.968363
0.466731
0.443423
0.985235
0.027717
0.629927
0.655372
0.436044
0.851980
0.617480
0.232882
0.975316
0.533892
0.502915
0.523078
0.715869
0.119785
0.289985
0.794115
0.982835
0.911263
0.351179
0.310650
0.719449
0.896947
0.647966
0.325211
0.587817
0.598144
0.536921
0.036566
0.566507
0.003652
0.479990
0.551743
0.031369
0.109917
0.207115
0.467413
0.961897
0.824595
0.700294
0.937213
0.358487
0.203209
0.460292
0.074356
0.322994
0.750277
0.868471
0.305829
0.661540
0.219650
0.616479
0.380989
0.116597
0.264445
0.706201
0.704415
0.862589
0.243122
0.740981
0.429096
0.246774
0.220970
0.980838
0.278143
0.330887
0.187953
0.745555
0.292784
0.012548
0.445849
0.229998
0.371035
0.649058
0.690289
0.445391
0.972052
0.440566
0.313862
0.277881
0.102106
0.533512
0.894359
0.483095
0.650109
0.158804
0.189296
0.354523
0.021392
0.432417
0.095504
0.450488
0.679191
0.316475
0.431327
0.957334
0.647362
0.619280
0.702889
0.940146
0.631828
0.148738
0.170144
0.002863
0.797796
0.860433
0.448253
0.769848
0.301000
0.762115
0.047729
0.403106
0.295627
0.942089
0.886201
0.945735
0.100892
0.075497
0.300259
0.122285
0.507915
0.395763
0.572773
0.187106
0.712238
0.004100
0.144439
0.359600
0.623380
0.847328
0.299746
0.255208
0.996066
0.469890
0.258070
0.793863
0.330323
0.706324
0.563711
0.631323
0.468439
0.611440
0.034429
0.764065
0.553529
0.920630
0.709801
0.654421
0.996127
0.010060
0.776706
0.504041
0.405823
0.349479
0.691147
0.118060
0.353579
0.835586
0.477660
0.976959
0.682914
0.777406
0.232166
0.678981
0.247296
0.490237
0.472843
0.577619
0.196560
0.036554
0.208942
0.664999
0.647995
0.243370
0.429065
0.201523
0.164000
0.138865
0.855944
0.160127
0.148925
0.632651
0.664168
0.554748
0.982130
0.355315
0.672808
0.335709
0.190901
0.150468
0.312667
0.873816
0.927874
0.544834
0.552797
0.175169
0.035070
0.025640
0.752788
0.231631
0.062194
0.961730
0.896630
0.710189
0.205100
0.325695
0.911712
0.369100
0.464560
0.767657
0.529227
0.613485
0.400307
0.193395
0.168233
0.382437
0.548710
0.841041
0.718146
0.739612
0.991509
0.030813
0.613428
0.919382
0.575647
0.166224
0.094552
0.610717
0.191864
0.847340
0.842348
0.254058
0.809070
0.738978
0.964248
0.014171
0.064673
0.875960
0.383271
0.529233
0.643617
0.912498
0.142718
0.043925
0.105893
0.310951
0.426362
0.654604
0.151992
0.144508
0.394216
0.143501
0.175321
0.007643
0.062883
0.750967
0.173867
0.157435
0.361685
0.365731
0.004775
0.204033
0.619790
0.813845
0.943011
0.584038
0.828016
0.007684
0.459998
0.211287
0.536917
0.103615
0.123785
0.679635
0.147539
0.229679
0.990586
0.573901
0.884282
0.142578
0.718409
0.278498
0.286078
0.893729
0.286141
0.348961
0.644697
0.460009
0.506396
0.006381
0.825740
0.511171
0.210414
0.445530
0.325016
0.153425
0.029568
0.153032
0.161109
0.489565
0.364319
0.698026
0.593180
0.488104
0.377660
0.740719
0.717782
0.368246
0.314620
0.602065
0.510824
0.033029
0.880563
0.796902
0.926758
0.166704
0.145863
0.571455
0.626713
0.652259
0.577836
0.452453
0.163430
0.788250
0.897983
0.488445
0.941675
0.927551
0.641477
0.102784
0.417116
0.005796
0.800810
0.010296
0.493899
0.178470
0.751016
0.211682
0.546716
0.065636
0.813746
0.057540
0.098665
0.694309
0.854443
0.025423
0.861013
0.000306
0.596878
0.487726
0.652565
0.174715
0.940179
0.815995
0.962965
0.838162
0.304440
0.904640
0.765713
0.945917
0.007425
0.182829
0.951713
0.808234
0.193125
0.445612
0.986705
0.944141
0.657294
0.533421
0.009777
0.471040
0.590962
0.108443
0.165349
0.445404
0.133866
0.026363
0.445710
0.730744
0.514089
0.098275
0.905459
0.454268
0.914270
0.868424
0.292430
0.218710
0.773064
0.058143
0.164627
0.780489
0.240972
0.116339
0.588723
0.434098
0.561951
0.575428
0.378239
0.219245
0.108849
0.388016
0.690285
0.699811
0.496459
0.855634
0.145215
0.630325
0.881997
0.590925
0.361070
0.396086
0.689200
0.266529
0.850354
0.603469
0.134953
0.142784
0.822179
0.908017
0.200927
0.986806
0.688506
0.441899
0.103146
0.277229
0.875997
0.665097
0.852657
0.254236
0.884342
0.961507
0.642252
0.574627
0.661317
0.138711
0.430262
0.806532
0.769036
0.312259
0.397457
0.130106
0.708345
0.086657
0.396635
0.558698
0.690127
0.531588
0.701482
0.512306
0.439605
0.902409
0.499112
0.128111
0.344308
0.602257
0.405340
0.220305
0.267354
0.257997
0.474541
0.151696
0.219504
0.116793
0.726324
0.880821
0.255504
0.156585
0.687354
0.024540
0.468844
0.084811
0.154646
0.177188
0.171468
0.551281
0.735887
0.861594
0.082869
0.437369
0.373900
0.522474
0.339778
0.873012
0.650584
0.684086
0.475269
0.055924
0.904391
0.742624
0.313921
0.378932
0.894320
0.533425
0.495724
0.620644
0.414247
0.751228
0.777229
0.101600
0.775768
0.246073
0.186411
0.930415
0.423261
0.357879
0.481696
0.159148
0.219473
0.564565
0.596517
0.593373
0.087039
0.936295
0.466385
0.737624
0.620381
0.941655
0.793548
0.524772
0.684278
0.107469
0.903704
0.578599
0.640895
0.399428
0.199242
0.055141
0.150656
0.976471
0.156742
0.926424
0.222544
0.343153
0.856839
0.645805
0.701032
0.338535
0.804952
0.920505
0.903101
0.401469
0.513879
0.990140
0.337763
0.980264
0.727763
0.958144
0.921919
0.521311
0.482916
0.606197
0.628781
0.386620
0.184796
0.269675
0.786048
0.384038
0.324817
0.936704
0.360509
0.481558
0.863128
0.583053
0.824711
0.719968
0.228858
0.525743
0.058503
0.033810
0.446248
0.961603
0.435279
0.960126
0.951743
0.773042
0.940390
0.679506
0.731186
0.862309
0.200817
0.214102
0.468506
0.829598
0.600722
0.653302
0.099273
0.386770
0.037340
0.424090
0.323474
0.397850
0.905649
0.186603
0.980903
0.730360
0.906571
0.209761
0.256103
0.965073
0.243570
0.702351
0.926676
0.678849
0.662477
0.878419
0.451891
0.602867
0.557926
0.183077
0.465176
0.758743
0.397180
0.933683
0.588341
0.997902
0.586985
0.687615
0.384673
0.624325
0.111705
0.708147
0.022175
0.017354
0.894750
0.003078
0.747713
0.801320
0.212838
0.003816
0.766394
0.456409
0.706167
0.693070
0.135258
0.368644
0.571490
0.587149
0.971511
0.129415
0.770226
0.436688
0.888158
0.167406
0.370370
0.476500
0.165308
0.957355
0.164114
0.549981
0.581681
0.275819
0.258128
0.603855
0.293173
0.152878
0.606933
0.040886
0.954198
0.819771
0.044703
0.720592
0.276180
0.750869
0.413662
0.411437
0.119513
0.985152
0.998586
0.091025
0.114567
0.768812
0.527712
0.002725
0.936218
0.898083
0.479225
0.101526
0.855438
0.643339
0.651507
0.437118
0.919158
0.909634
0.040974
0.212331
0.062512
0.647907
0.253218
0.016710
0.467678
0.297921
0.737302
0.743858
0.048790
0.150964
0.155295
0.168303
0.136115
0.153881
0.259328
0.250682
0.922694
0.787040
0.253407
0.858912
0.685123
0.732632
0.960439
0.540561
0.375971
0.611946
0.977679
0.295130
0.521580
0.018653
0.507461
0.584092
0.666560
0.760679
0.600802
0.134238
0.058600
0.338103
0.878096
0.107390
0.489067
0.033391
0.275693
0.625182
0.187272
0.535021
0.875864
0.109966
0.322061
0.129271
0.968879
0.007183
0.861903
0.929317
0.547744
0.237875
0.541263
0.525423
0.533004
0.062843
0.544076
0.040465
0.646934
0.210636
0.801144
0.247736
0.344874
0.859744
0.585840
0.222970
0.967133
0.074907
0.256361
0.242826
0.700089
0.443633
0.777847
0.575953
0.553599
0.099908
0.705225
0.522478
0.107091
0.567128
0.451795
0.654835
0.805003
0.993058
0.180259
0.338007
0.055900
0.724335
0.378472
0.702835
0.934971
0.179616
0.950571
0.279846
0.039360
0.536410
0.502815
0.006493
0.611317
0.759176
0.249319
0.311406
0.202809
0.027166
0.887359
0.756408
0.127074
0.592584
0.278886
0.234165
0.159712
0.730681
0.889000
0.964714
0.723739
0.069259
0.302721
0.779639
0.793594
0.681193
0.482473
0.728566
0.860809
0.433044
0.008411
0.900168
0.969455
0.511227
0.906661
0.580772
0.270403
0.155980
0.892178
0.473212
0.183146
0.779537
0.229620
0.310220
0.372121
0.508506
0.544384
0.531832
0.239187
0.433385
0.496547
0.962926
0.502644
0.799268
0.742565
0.296238
0.480460
0.225038
0.024803
0.341269
0.658082
0.033215
0.241437
0.627537
0.544441
0.148098
0.208309
0.814844
0.304078
0.100486
0.288056
0.487224
0.880023
0.517676
0.797444
0.252144
0.026183
0.341829
0.783976
0.265370
0.775213
0.280523
0.228296
0.277857
0.079790
0.970861
0.574094
0.560251
0.195899
0.598898
0.901520
0.853982
0.632112
0.142957
0.481519
0.176553
0.291055
0.689827
0.991397
0.595134
0.790314
0.279454
0.082358
0.670337
0.797130
0.879802
0.922481
0.823313
0.221631
0.706458
0.088683
0.996844
0.986981
0.316979
0.274701
0.066771
0.287840
0.848795
0.627022
0.483739
0.447693
0.528542
0.337721
0.079805
0.671499
0.819239
0.256358
0.962554
0.509067
0.247756
0.557688
0.299380
0.527209
0.640046
0.969718
0.324339
0.519848
0.892199
0.147652
0.741479
0.598656
0.236335
0.738324
0.585637
0.553314
0.013024
0.652408
0.841154
0.861820
0.279430
0.324893
0.309513
0.807971
0.662613
0.389318
0.479470
0.481853
0.645676
0.442024
0.990919
0.893432
0.999711
0.290300
0.420641
0.639757
0.260017
0.744980
0.159606
0.152216
0.892632
0.901085
0.750873
0.128967
0.639409
0.336510
0.682280
0.652433
0.988918
0.523434
0.514253
0.268348
0.848327
0.823766
0.076319
0.510940
0.213083
0.555789
0.992793
0.858759
0.997813
0.983712
0.752191
0.997524
0.274012
0.172832
0.637282
0.534029
0.917813
0.796888
0.686245
0.810445
0.697973
0.437118
0.939412
0.337382
0.773628
0.621692
0.989815
0.762545
0.145126
0.504068
0.030893
0.993453
0.327834
0.107212
0.504393
0.540918
0.663001
0.497186
0.399677
0.660813
0.480898
0.151868
0.658338
0.754909
0.324700
0.295619
0.288938
0.242513
0.092507
0.975183
0.052958
0.790480
0.412301
0.992370
0.127861
0.185929
0.614062
0.117677
0.948474
0.759189
0.621745
0.979367
0.752642
0.949579
0.086579
0.257035
0.490497
0.749580
0.754221
0.890174
0.410393
0.235118
0.042042
0.068731
0.990027
0.366742
0.364350
0.278966
0.609255
0.456857
0.254149
0.662212
0.247336
0.666450
0.654582
0.375198
0.852379
0.268644
0.492875
0.800853
0.027833
0.114620
0.780220
0.780475
0.064199
0.866798
0.037510
0.554696
0.616378
0.791730
0.444870
0.026771
0.026848
0.486912
0.095502
0.016876
0.853653
0.459852
0.295841
0.462908
0.916709
0.549990
0.125120
0.164045
0.216440
0.779703
0.539243
0.068818
0.048347
0.032117
0.869671
0.076180
0.146737
0.649891
0.856655
0.210936
0.516689
0.894164
0.765633
0.133067
0.685894
0.210503
0.159839
0.712743
0.697414
0.255341
0.729618
0.551068
0.715192
0.025460
0.013976
0.631901
0.575450
0.139096
0.795946
0.791890
0.918798
0.335188
0.860708
0.967145
0.367306
0.730379
0.043325
0.514043
0.380270
0.899980
0.724979
0.896959
0.794144
0.490611
0.030026
0.480038
0.701114
0.189865
0.192781
0.398528
0.445205
0.922399
0.949596
0.160398
0.947859
0.963571
0.792299
0.523309
0.102667
0.588245
0.315198
0.021466
0.923433
0.175906
0.988611
0.290739
0.906286
0.031936
0.804781
0.286555
0.931916
0.529760
0.183514
0.726061
0.020371
0.213540
0.206099
0.721485
0.403405
0.398880
0.120014
0.848611
0.321279
0.069610
0.009008
0.269138
0.033181
0.801307
0.792447
0.135848
0.389552
0.107645
0.157314
0.312985
0.283552
0.145925
0.603723
0.189837
0.177861
0.408504
0.476393
0.109778
0.938264
0.659907
0.835838
0.958636
0.873447
0.041937
0.680121
0.276853
0.440817
0.800135
0.125463
0.762096
0.869745
0.134471
0.031235
0.902925
0.935778
0.823681
0.038774
0.325330
0.931327
0.196087
0.638315
0.214878
0.342012
0.242038
0.404716
0.519873
0.650542
0.881108
0.629651
0.588807
0.541015
0.465489
0.547443
0.414462
0.507426
0.227564
0.691315
0.948243
0.027699
0.816778
0.710340
0.897443
0.951250
0.741574
0.800369
0.887028
0.565256
0.839142
0.212358
0.496582
0.035230
0.850673
0.711461
0.377242
0.092711
0.116176
0.897115
0.743253
0.997284
0.526766
0.332060
0.538299
0.992255
0.879502
0.952762
0.499681
0.107066
0.644077
0.447924
0.134765
0.460855
0.158264
0.032208
0.412104
0.899838
0.832577
0.299132
0.465094
0.671720
0.511490
0.961676
0.706949
0.362163
0.673137
0.084191
0.454874
0.789313
0.981306
0.198126
0.786597
0.508072
0.530186
0.324896
0.500327
0.409688
0.277658
0.000008
0.516754
0.921735
0.447933
0.651519
0.382590
0.606196
0.683727
0.794694
0.506035
0.516304
0.093826
0.971128
0.188024
0.605317
0.932804
0.894973
0.967480
0.605941
0.979164
0.422353
0.395254
0.960470
0.620480
0.181851
0.468542
0.150666
0.506748
0.968869
0.560354
0.784406
0.968878
0.077108
0.706141
0.416810
0.728627
0.088730
0.023006
0.412354
0.883424
0.529041
0.928658
0.977251
0.500169
0.116682
0.582567
0.432974
0.011654
0.550047
0.038915
0.990818
0.972401
0.434169
0.951289
0.592881
0.616020
0.419831
0.743547
0.122768
0.388700
0.303901
0.907174
0.357578
0.381009
0.613315
0.774388
0.109636
0.702045
0.797394
0.521990
0.585469
0.326435
0.450648
0.562720
0.826605
0.567329
0.145287
0.259578
0.578984
0.695335
0.298493
0.569802
0.667735
0.732662
0.521091
0.260616
0.348683
0.940922
0.004163
0.471451
0.329622
0.308063
0.378625
0.687199
0.689072
0.991939
0.461587
0.798708
0.693984
0.258981
0.320698
0.279453
0.585416
0.771345
0.842173
0.412021
0.338675
0.987460
0.671599
0.917658
0.682795
0.970093
0.487461
0.350530
0.702755
0.008552
0.611146
0.051438
0.949473
0.615309
0.522888
0.279095
0.923372
0.901513
0.966294
0.612444
0.893453
0.427881
0.411152
0.587437
0.686862
0.731850
0.866890
0.272279
0.503195
0.709063
0.684300
0.841870
0.696523
0.355899
0.759528
0.379318
0.325992
0.246989
0.729849
0.028747
0.255541
0.340995
0.080184
0.205014
0.956304
0.603073
0.484108
0.879676
0.504586
0.450403
0.492121
0.398038
0.878284
0.903273
0.985475
0.565146
0.635123
0.852365
0.837425
0.138318
0.561428
0.521725
0.980188
0.257952
0.877625
0.739716
0.637270
0.203616
0.986705
0.367118
0.232363
0.242245
0.708113
0.312548
0.447259
0.664417
0.915620
0.931368
0.544093
0.420206
0.381770
0.036213
0.818244
0.260054
0.939486
0.803719
0.825201
0.574609
0.656084
0.662626
0.712927
0.217513
0.184351
0.693115
0.475464
0.061976
0.432831
0.112734
0.265592
0.419536
0.479853
0.497956
0.661781
0.187966
0.810503
0.109040
0.852383
0.726123
0.040408
0.396476
0.146329
0.422178
0.432689
0.964574
0.682232
0.372176
0.768293
0.507433
0.946785
0.424377
0.170059
0.659712
0.641890
0.354410
0.352827
0.117354
0.416386
0.785657
0.230088
0.681979
0.205193
0.709941
0.179934
0.866975
0.897907
0.990437
0.976015
0.750290
0.716561
0.016423
0.146766
0.862890
0.438601
0.579455
0.827464
0.120833
0.951630
0.595756
0.628266
0.898415
0.020134
0.798325
0.558127
0.662024
0.152735
0.910954
0.779378
0.569122
0.696611
0.009466
0.251100
0.901804
0.719407
0.431034
0.768779
0.617314
0.421472
0.744794
0.367604
0.138033
0.761216
0.514370
0.000923
0.199818
0.093825
0.828386
0.320651
0.045455
0.424143
0.948917
0.943870
0.444276
0.747243
0.501997
0.106300
0.899978
0.412951
0.885678
0.469100
0.109562
0.895144
0.720200
0.011366
0.614551
0.151234
0.780145
0.231866
0.572706
0.524939
0.599470
0.710739
0.286155
0.113840
0.711661
0.485973
0.207665
0.540047
0.806624
0.253120
0.964190
0.755541
0.196991
0.408466
0.502783
0.698988
0.514766
0.402761
0.111939
0.400444
0.871861
0.221501
0.295588
0.592061
0.232867
0.910139
0.743295
0.013012
0.142005
0.316001
0.537951
0.741475
0.026740
0.824106
0.855315
0.738401
0.310079
0.062980
0.278448
0.116702
0.316100
0.242638
0.872243
0.513090
0.651104
0.375027
0.212078
0.165870
0.777788
0.324017
0.566313
0.649649
0.545519
0.861901
0.241710
0.778386
0.772040
0.985006
0.791398
0.914045
0.301007
0.329349
0.655520
0.327747
0.153456
0.510835
0.066148
0.463534
0.573814
0.344596
0.580237
0.889914
0.587234
0.452480
0.403004
0.238338
0.827506
0.615083
0.404207
0.605294
0.939100
0.970521
0.254943
0.484619
0.832422
0.496654
0.263005
0.604462
0.481659
0.054403
0.518506
0.782666
0.383752
0.174026
0.110413
0.537208
0.684861
0.176561
0.000742
0.258675
0.521157
0.580979
0.148589
0.108391
0.033459
0.551594
0.346729
0.860965
0.166677
0.750936
0.466259
0.105777
0.721457
0.721203
0.590396
0.553879
0.217856
0.853400
0.158341
0.699516
0.907803
0.676847
0.482182
0.291556
0.850873
0.592595
0.828764
0.535734
0.769157
0.829506
0.794409
0.290314
0.410485
0.942998
0.398705
0.443944
0.494592
0.745434
0.304909
0.661269
0.496371
0.771168
0.767046
0.217828
0.492371
0.357441
0.771707
0.710227
0.210842
0.930047
0.409743
0.118645
0.606894
0.891925
0.410201
0.457767
0.484520
0.238965
0.993501
0.253677
0.068471
0.787910
0.543991
0.478956
0.730909
0.942696
0.922900
0.225501
0.688131
0.227809
0.886769
0.184501
0.998977
0.653815
0.402329
0.491347
0.011256
0.174036
0.201574
0.222098
0.104083
0.611317
0.340743
0.710978
0.503242
0.750943
0.168745
0.987762
0.989908
0.162246
0.241439
0.058379
0.950157
0.785430
0.537336
0.681065
0.728126
0.460236
0.906566
0.416257
0.688045
0.793335
0.600758
0.687022
0.447150
0.003087
0.178370
0.458406
0.177123
0.379944
0.680503
0.281207
0.991261
0.021246
0.992184
0.494503
0.772189
0.160929
0.482265
0.762098
0.323176
0.723704
0.820477
0.273332
0.509134
0.357813
0.954397
0.237261
0.818049
0.860963
0.653518
0.506094
0.654298
0.254276
0.193116
0.101448
0.257363
0.371486
0.559854
0.434487
0.751430
0.240357
0.715694
0.742691
0.261602
0.707878
0.237193
0.033792
0.868808
0.719458
0.795889
0.191983
0.443162
0.616366
0.465316
0.952297
0.974179
0.419713
0.189557
0.792228
0.280676
0.843075
0.298322
0.934974
0.097351
0.491438
0.036422
0.354714
0.862924
0.596276
0.789201
0.614354
0.836632
0.504895
0.357044
0.098235
0.212773
0.594238
0.132026
0.081580
0.313696
0.927916
0.273564
0.756858
0.544282
0.738879
0.709155
0.518461
0.158593
0.898712
0.310689
0.439269
0.741787
0.609011
0.374243
0.839138
0.100449
0.410665
0.193852
0.963373
0.006941
0.983054
0.577727
0.843573
0.487948
0.934771
0.941808
0.700721
0.529008
0.073835
0.782302
0.842704
0.001750
0.055866
0.599563
0.546032
0.794745
0.308717
0.064493
0.953338
0.207430
0.375182
0.392606
0.949217
0.984193
0.766849
0.788355
0.084642
0.177515
0.982207
0.048016
0.184455
0.965261
0.625743
0.028029
0.453209
0.560513
0.969837
0.153930
0.089522
0.043671
0.936232
0.932226
0.045421
0.992098
0.531789
0.591453
0.786843
0.840506
0.655946
0.740180
0.047936
0.031128
0.132787
0.997153
0.015322
0.899636
0.785507
0.099964
0.077151
0.767715
0.147980
0.261606
0.732975
0.773722
0.289635
0.186184
0.334236
0.259471
0.340115
0.423758
0.303142
0.276347
0.355984
0.348564
0.268444
0.887773
0.940017
0.055287
0.728279
0.595964
0.795467
0.776215
0.627092
0.928254
0.773368
0.642414
0.827890
0.558876
0.742378
0.905041
0.326590
0.890357
0.166647
0.059565
0.664080
0.456282
0.245750
0.998315
0.715753
0.585864
0.422073
0.018896
0.862211
0.778057
0.367459
0.130655
0.665830
0.307477
0.185942
0.394109
0.903440
0.981410
0.170325
0.530532
0.909664
0.943693
0.172946
0.737554
0.502569
0.915323
0.642595
0.829159
0.805681
0.809242
0.888724
0.469760
0.265524
0.134474
0.468076
0.981277
0.720338
0.890149
0.000173
0.582549
0.668206
0.367633
0.713204
0.334036
0.675109
0.899146
0.728146
0.578549
0.880556
0.898471
0.109082
0.790219
0.842164
0.282027
0.527773
0.344732
0.197351
0.170368
0.173891
0.003032
0.979611
0.062615
0.472792
0.245135
0.197089
0.940868
0.226412
0.917427
0.831017
0.226586
0.499976
0.499223
0.594218
0.213180
0.833260
0.269327
0.112326
0.561405
0.847877
0.992882
0.459876
0.956958
0.783101
0.302040
0.238986
0.310875
0.646772
0.436337
0.481243
0.820663
0.439368
0.460854
0.883278
0.912161
0.705989
0.080368
0.853029
0.932401
0.997795
0.684046
0.158987
0.497771
0.183269
0.753205
0.710951
0.016529
0.022532
0.823277
0.577934
0.870409
0.816159
0.037810
0.827367
0.599260
0.339850
0.066353
0.910135
0.986622
0.502690
0.391378
0.807285
0.942058
0.852232
0.690564
0.854219
0.558221
0.770932
0.707248
0.490622
0.768726
0.391294
0.649609
0.266497
0.574563
0.402814
0.977449
0.591092
0.425346
0.800726
0.169026
0.295755
0.616885
0.206837
0.123123
0.216145
0.546687
0.189476
0.126281
0.533309
0.692166
0.517659
0.340595
0.634224
0.369891
0.031159
0.488443
0.928112
0.802090
0.195691
0.418734
0.570817
0.586985
0.068343
0.837314
0.161548
0.471157
0.814763
0.752640
0.896503
0.615489
0.921666
0.192258
0.232374
0.128503
0.315381
0.448519
0.675190
0.504857
0.574800
0.208499
0.197022
0.092458
0.549094
0.831247
0.462349
0.580253
0.319690
0.390461
0.382343
0.515381
0.809195
0.953160
0.102366
0.877538
0.790474
0.263914
0.348695
0.605237
0.016553
0.245198
0.220725
0.938219
0.437456
0.453099
0.066722
0.752837
0.901618
0.741912
0.257693
0.476418
0.950411
0.454716
0.568877
0.499505
0.285962
0.031226
0.079757
0.605652
0.421687
0.462100
0.121033
0.230882
0.415260
0.223399
0.108420
0.205734
0.487313
0.457115
0.810970
0.503866
0.702313
0.031696
0.442085
0.139769
0.484795
0.508808
0.892605
0.386413
0.250720
0.150299
0.862831
0.201131
0.605014
0.431708
0.700635
0.890976
0.462933
0.780393
0.496628
0.884620
0.242493
0.617661
0.115502
0.657753
0.841060
0.223922
0.863486
0.328373
0.681037
0.674457
0.832239
0.383350
0.706152
0.274325
0.523118
0.190947
0.783132
0.415724
0.577360
0.033852
0.566023
0.440191
0.234982
0.171037
0.871898
0.935618
0.062013
0.334832
0.716011
0.558642
0.219452
0.958504
0.176303
0.334954
0.616256
0.017364
0.558876
0.479743
0.345737
0.239913
0.154199
0.177976
0.623263
0.860351
0.452300
0.146381
0.051298
0.235433
0.562105
0.628658
0.269284
0.128128
0.068849
0.504267
0.299165
0.940747
0.439885
0.361178
0.275579
0.155895
0.919819
0.495031
0.114399
0.096123
0.829985
0.730655
0.113486
0.388861
0.210398
0.459223
0.628774
0.364597
0.637198
0.252036
0.224949
0.089499
0.398417
0.276247
0.324931
0.960522
0.904904
0.594216
0.088650
0.973753
0.098483
0.387815
0.914500
0.538368
0.748992
0.190079
0.694263
0.668812
0.685110
0.808662
0.764934
0.515094
0.539317
0.878420
0.903955
0.749715
0.337643
0.532729
0.114313
0.974841
0.784765
0.339261
0.064340
0.183182
0.615508
0.389271
0.143705
0.520412
0.983487
0.232355
0.494165
0.081970
0.620169
0.408665
0.620337
0.369162
0.598744
0.314600
0.037973
0.283854
0.123262
0.802907
0.798948
0.662580
0.681328
0.702904
0.412295
0.018971
0.235632
0.526608
0.993812
0.020397
0.865869
0.058152
0.203580
0.481377
0.447423
0.347284
0.001789
0.430910
0.579639
0.495955
0.512880
0.199808
0.904620
0.133218
0.568970
0.503364
0.447818
0.606943
0.787218
0.571080
0.409850
0.586167
0.233660
0.091178
0.289070
0.645955
0.110149
0.524703
0.172563
0.103961
0.545100
0.038433
0.162113
0.748680
0.519810
0.609536
0.095964
0.521599
0.040446
0.675603
0.017554
0.553326
0.875411
0.922174
0.686544
0.444381
0.425538
0.134362
0.051323
0.212756
0.705442
0.461174
0.798923
0.939103
0.552352
0.087993
0.585058
0.662501
0.612696
0.757621
0.766461
0.157796
0.796054
0.928574
0.906475
0.315863
0.538110
0.002439
0.837462
0.578556
0.678042
0.855016
0.131883
0.553453
0.777190
0.818427
0.997834
0.202727
0.952789
0.049157
0.415484
0.658231
0.510331
0.214407
0.597334
0.062683
0.302400
0.182392
0.725183
0.915096
0.940013
0.491644
0.072892
0.736067
0.420218
0.979367
0.051930
0.958328
0.981806
0.889393
0.536884
0.659848
0.744409
0.668767
0.213301
0.521598
0.487193
0.211135
0.724325
0.439982
0.260292
0.139809
0.098213
0.770623
0.354216
0.695547
0.833306
0.656615
0.877938
0.558489
0.571711
0.817951
0.050133
0.644603
0.554018
0.470352
0.623970
0.605948
0.428680
0.605776
0.495341
0.965564
0.265625
0.239749
0.634331
0.478926
0.761347
0.121524
0.690062
0.485673
0.561506
0.950354
0.625482
0.659719
0.720977
0.979697
0.355266
0.554283
0.636313
0.233205
0.112772
0.208024
0.051156
0.162905
0.852627
0.605174
0.633257
0.476597
0.211122
0.061936
0.082374
0.706462
0.027500
0.347999
0.946212
0.661831
0.826925
0.707559
0.783355
0.516986
0.193232
0.344861
0.467340
0.818713
0.004581
0.188317
0.798411
0.359847
0.742600
0.434724
0.593051
0.855371
0.642748
0.644207
0.018276
0.495375
0.249381
0.651532
0.971973
0.460502
0.713469
0.054346
0.166965
0.740969
0.402345
0.113176
0.402800
0.229270
0.820735
0.186155
0.746256
0.013967
0.531016
0.213596
0.832680
0.535597
0.401913
0.631091
0.895444
0.144513
0.065815
0.488495
0.999884
0.708563
0.132702
0.018160
0.203939
0.382083
0.669692
0.175911
0.842585
0.383161
0.230258
0.009550
0.124130
0.632603
0.122726
0.526930
0.861872
0.943461
0.713085
0.608129
0.957428
0.244102
0.821725
0.790108
0.779699
0.223638
0.421199
0.675143
0.368151
0.487014
0.163638
0.368035
0.195577
0.296340
0.386194
0.399516
0.678423
0.055886
0.575427
0.521008
0.439047
0.805685
0.530558
0.563177
0.438287
0.653284
0.090108
0.300160
0.596745
0.803193
0.908288
0.554172
0.047295
0.730013
0.344280
0.826994
0.953651
0.765479
0.502136
0.321802
0.252492
0.665774
0.689836
0.448069
0.962114
0.076031
0.847585
0.640536
0.131917
0.423012
0.161544
0.570964
0.228697
0.692102
0.134142
0.666984
0.345386
0.224250
0.967144
0.942131
0.027443
0.875432
0.496303
0.074737
0.605445
0.840583
0.901731
0.559096
0.606061
0.403867
0.880898
0.858554
0.069641
0.570734
0.306623
0.031755
0.646765
0.154208
0.672291
0.778682
0.577220
0.833836
0.349647
0.805916
0.525938
0.483788
0.472900
0.871324
0.708038
0.440044
0.813454
0.735481
0.315476
0.309757
0.810218
0.920921
0.150340
0.711949
0.480017
0.756401
0.115817
0.360915
0.614955
0.185458
0.931649
0.921578
0.217213
0.578414
0.075786
0.889504
0.357097
0.653005
0.723340
0.706743
0.458921
0.249278
0.190531
0.931822
0.120602
0.898569
0.371865
0.934056
0.634050
0.687341
0.243814
0.444268
0.608262
0.394154
0.156217
0.088278
0.150555
0.272034
0.449193
0.765510
0.457491
0.380842
0.687088
0.674704
0.959257
0.762873
0.564208
0.316353
0.415878
0.287549
0.023096
0.874800
0.536827
0.213628
0.806622
0.657428
0.112197
0.178487
0.591485
0.746247
0.865828
0.835299
0.190515
0.474090
0.229452
0.346732
0.562368
0.380007
0.618766
0.011561
0.145517
0.076257
0.392404
0.832605
0.750962
0.351660
0.595478
0.315170
0.668013
0.011357
0.602719
0.691109
0.886156
0.139545
0.904737
0.692778
0.796974
0.016934
0.871265
0.388458
0.763181
0.737093
0.223757
0.953696
0.211183
0.453209
0.300429
0.773551
0.833216
0.919195
0.785113
0.978733
0.995452
0.177516
0.811338
0.746413
0.529177
0.406816
0.061583
0.197190
0.418173
0.664302
0.888299
0.304329
0.803847
0.793037
0.997107
0.600821
0.809971
0.868372
0.989279
0.573152
0.605466
0.213036
0.526849
0.816649
0.666245
0.827277
0.590200
0.499461
0.746472
0.375313
0.478195
0.741923
0.552830
0.289533
0.488337
0.082006
0.696349
0.549920
0.279196
0.114521
0.214222
0.167496
0.418851
0.018069
0.960532
0.415958
0.618890
0.770503
0.284330
0.608169
0.343655
0.889796
0.821205
0.870504
0.706445
0.487450
0.697781
0.296645
0.986911
0.444253
0.671958
0.465106
0.186176
0.224788
0.754639
0.674513
0.306794
0.450988
0.224433
0.585990
0.565509
0.438656
0.753486
0.984359
0.456725
0.714018
0.400317
0.075615
0.484522
0.684647
0.683784
0.828177
0.574443
0.504989
0.698681
0.280888
0.992439
0.396462
0.577533
0.979351
0.840714
0.249491
0.444457
0.026890
0.474279
0.199095
0.701403
0.781073
0.650083
0.925837
0.367064
0.215592
0.364492
0.120550
0.199951
0.821217
0.834568
0.600268
0.896833
0.319090
0.284916
0.580617
0.147266
0.859359
0.085606
0.845947
0.140247
0.078045
0.242409
0.717779
0.057396
0.083123
0.967270
0.501853
0.110013
0.441549
0.700948
0.811416
0.222622
0.351031
0.737252
0.589686
0.566623
0.101745
0.710236
0.766574
0.922962
0.544804
0.366842
0.819795
0.863894
0.651758
0.400412
0.011160
0.511117
0.486018
0.857107
0.651363
0.564063
0.099516
0.369143
0.621459
0.182638
0.336413
0.123312
0.292651
0.777962
0.824260
0.104067
0.000585
0.175291
0.841319
0.590271
0.741913
0.943064
0.300506
0.508487
0.866026
0.845310
0.875330
0.685821
0.709204
0.527088
0.086233
0.720364
0.038205
0.572251
0.577471
0.689568
0.136314
0.676987
0.058711
0.757773
0.859625
0.395124
0.881085
0.152276
0.173087
0.705345
0.256343
0.173671
0.880636
0.097662
0.763942
0.622549
0.040726
0.064448
0.131036
0.906753
0.909759
0.006366
0.592573
0.618963
0.533454
0.678806
0.339327
0.571659
0.251057
0.916798
0.261227
0.387370
0.593784
0.319938
0.145144
0.453409
0.715063
0.026229
0.605686
0.888149
0.731574
0.862029
0.061821
0.612209
0.959691
0.825763
0.234758
0.000417
0.890211
0.365795
0.907170
0.799970
0.372161
0.499743
0.418932
0.905615
0.178549
0.758259
0.477274
0.429606
0.675056
0.738501
0.816977
0.268841
0.058439
0.962120
0.722250
0.773502
0.988349
0.327936
0.661651
0.719923
0.189964
0.723472
0.332132
0.149655
0.549235
0.566890
0.150073
0.439446
0.932685
0.057243
0.239415
0.304846
0.556986
0.658348
0.210460
0.735536
0.416606
0.687734
0.165142
0.091663
0.426235
0.982118
0.360504
0.484674
0.944238
0.082754
0.258176
0.932587
0.410690
0.919828
0.652510
0.600654
0.643300
0.984642
0.750309
0.192535
0.551532
0.900382
0.631980
0.484217
0.957625
0.871395
0.789062
0.514611
0.529743
0.999523
0.250147
0.946349
0.687257
0.415288
0.038012
0.113491
0.397407
0.398516
0.598166
0.341645
0.481270
0.856342
0.274232
0.891959
0.776170
0.926742
0.492613
0.419470
0.911384
0.242923
0.612005
0.462916
0.143305
0.243985
0.947132
0.100929
0.115380
0.736195
0.615540
0.645123
0.735717
0.865687
0.591473
0.422974
0.280975
0.629485
0.536465
0.678382
0.028001
0.134631
0.020027
0.509271
0.990973
0.294259
0.401230
0.767143
0.221002
0.893844
0.186614
0.132385
0.136766
0.798618
0.595301
0.280071
0.042603
0.542433
0.381000
0.157983
0.278628
0.996541
0.803107
0.014345
0.862228
0.394579
0.437319
0.143203
0.024064
0.973784
0.821585
0.052065
0.108415
0.841613
0.561336
0.099388
0.135872
0.962566
0.866531
0.356874
0.856410
0.053145
0.489259
0.993176
0.851763
0.084560
0.273247
0.894367
0.626993
0.654248
0.052350
0.905621
0.650788
0.855457
0.919966
0.513016
0.250036
0.357285
0.656220
0.274100
0.331069
0.477805
0.326165
0.439483
0.319418
0.887502
0.538871
0.455290
0.850068
0.405403
0.812163
0.706478
0.458547
0.301422
0.699654
0.310311
0.385982
0.972902
0.204677
0.012975
0.627149
0.257027
0.918596
0.277938
0.112484
0.838562
0.790954
0.362520
0.195847
0.447174
0.636620
0.526916
0.924979
0.962786
0.966399
0.244396
0.850287
0.505270
0.699686
0.700355
0.910673
0.511849
0.406833
0.369220
0.813271
0.106487
0.679531
0.199253
0.079389
0.884208
0.212229
0.706538
0.141236
0.130825
0.984476
0.253719
0.969388
0.775430
0.616239
0.165235
0.222604
0.252860
0.692151
0.147583
0.215645
0.658550
0.391979
0.065932
0.163820
0.091665
0.766288
0.074493
0.603514
0.173121
0.443713
0.416785
0.279608
0.123244
0.616038
0.358997
0.007452
0.828267
0.065536
0.148687
0.959092
0.050012
0.402407
0.928480
0.825442
0.018646
0.093715
0.048046
0.271506
0.785866
0.195628
0.487151
0.444415
0.587607
0.553084
0.608235
0.679272
0.319371
0.682728
0.282786
0.492492
0.126440
0.699571
0.772100
0.249684
0.315609
0.131097
0.257136
0.143876
0.196633
0.405823
0.102969
0.246644
0.808230
0.031449
0.072086
0.826877
0.125164
0.120132
0.098383
0.911029
0.315760
0.585534
0.355444
0.903367
0.138618
0.963679
0.582639
0.457989
0.646407
0.865425
0.950481
0.772847
0.564996
0.722581
0.022531
0.880605
0.853678
0.279667
0.024481
0.050311
0.685490
0.127450
0.296955
0.493720
0.158898
0.369041
0.320597
0.284062
0.489173
0.418979
0.195091
0.804934
0.004513
0.550535
0.708301
0.143131
0.514215
0.290940
0.601120
0.160622
0.156365
0.551600
0.933469
0.721361
0.274181
0.956000
0.601966
0.127859
0.235667
0.626447
0.178170
0.921157
0.753896
0.475125
0.414877
0.912795
0.844166
0.735474
0.196857
0.333340
0.154453
0.391948
0.138273
0.158967
0.942483
0.846574
0.302097
0.456698
0.137515
0.903217
0.617320
0.293880
0.454817
0.550789
0.015241
0.728998
0.506788
0.617207
0.856857
0.742455
0.243653
0.035026
0.663612
0.997550
0.510151
0.078489
0.910344
0.354317
0.813963
0.107201
0.687657
0.968416
0.499149
0.825930
0.127383
0.441632
0.672504
0.429480
0.898330
0.810019
0.332697
0.515650
0.103899
0.787514
0.066438
0.119140
0.516512
0.573227
0.736347
0.373369
0.315682
0.980000
0.408396
0.979294
0.977550
0.918547
0.057782
0.887894
0.272864
0.871745
0.995095
0.960521
0.840161
0.494244
0.786451
0.967544
0.935875
0.458956
0.397024
0.834205
0.268975
0.729721
0.349855
0.372874
0.517235
0.416293
0.492014
0.033747
0.989519
0.228361
0.407117
0.305201
0.208361
0.815512
0.284495
0.185910
0.734059
0.342277
0.073804
0.006923
0.214022
0.068899
0.967444
0.054184
0.563143
0.753895
0.021727
0.499018
0.212851
0.418751
0.333223
0.481825
0.148472
0.683078
0.854699
0.665707
0.099371
0.346713
0.699454
0.088890
0.575074
0.106571
0.394091
0.783434
0.922083
0.678586
0.969345
0.656142
0.020864
0.043149
0.663065
0.234886
0.112048
0.630509
0.289069
0.675191
0.384404
0.310797
0.174209
0.597254
0.729548
0.507433
0.079080
0.878019
0.190511
0.933779
0.543726
0.289882
0.280492
0.243181
0.378772
0.855566
0.349752
0.772863
0.639000
0.271835
0.451449
0.608345
0.927977
0.472313
0.651494
0.591041
0.707199
0.763542
0.221550
0.996268
0.438733
0.605954
0.307065
0.612943
0.203209
0.036612
0.120376
0.282289
0.914632
0.310886
0.216068
0.458358
0.600768
0.496560
0.701539
0.979540
0.352126
0.051290
0.752403
0.991126
0.323125
0.203852
0.599471
0.251102
0.676165
0.250965
0.842143
0.383364
0.014507
0.063693
0.379632
0.453241
0.669647
0.686697
0.066183
0.872856
0.723309
0.186559
0.155145
0.637941
0.497446
0.371212
0.096299
0.098214
0.867772
0.797838
0.077753
0.219898
0.849128
0.830156
0.211025
0.172253
0.034008
0.810496
0.423355
0.710173
0.061461
0.265498
0.093537
0.075968
0.329191
0.473168
0.529208
0.998839
0.159865
0.595392
0.871695
0.883174
0.781951
0.026840
0.521115
0.279396
0.398052
0.617414
0.377610
0.265824
0.415252
0.455363
0.485723
0.264380
0.285519
0.696747
0.436634
0.319527
0.507243
0.859989
0.029700
0.568703
0.125487
0.123237
0.644671
0.454678
0.596405
0.173880
0.453517
0.756270
0.769271
0.325212
0.639443
0.551222
0.352051
0.160558
0.830618
0.750103
0.777972
0.208228
0.015927
0.193224
0.663591
0.501650
0.457604
0.949110
0.198397
0.894238
0.268637
0.705640
0.754227
0.298337
0.274343
0.879714
0.421574
0.919015
0.334392
0.017979
0.092894
0.787909
0.774248
0.862165
0.113120
0.413692
0.413388
0.465171
0.574250
0.244006
0.215275
0.352222
0.452234
0.231202
0.545446
0.115825
0.732852
0.003050
0.064936
0.931249
0.897288
0.333573
0.636889
0.651515
0.631910
0.911232
0.531228
0.053484
0.830247
0.865620
0.071463
0.923141
0.653529
0.845711
0.785307
0.766649
0.259403
0.198694
0.231820
0.833653
0.442700
0.447095
0.185874
0.894934
0.678297
0.731320
0.010759
0.411149
0.734370
0.075695
0.342398
0.631657
0.409268
0.979287
0.283172
0.041178
0.890519
0.814401
0.094663
0.720766
0.680021
0.166125
0.643907
0.333550
0.011836
0.429214
0.100199
0.271239
0.627908
0.332019
0.104892
0.070608
0.779114
0.290766
0.965542
0.457411
0.022086
0.976301
0.868561
0.756455
0.051996
0.210959
0.388113
0.461264
0.190246
0.671285
0.502442
0.080766
0.485686
0.597105
0.801532
0.165706
0.763230
0.445439
0.499256
0.775067
0.874653
0.599455
0.046306
0.502561
0.931474
0.151198
0.573169
0.710588
0.441964
0.538711
0.167999
0.464050
0.515012
0.036560
0.220505
0.567008
0.247519
0.608618
0.028273
0.437765
0.279903
0.530715
0.518531
0.765589
0.127820
0.320063
0.931295
0.891050
0.765502
0.430551
0.666117
0.640156
0.030006
0.712423
0.142717
0.961479
0.863621
0.715886
0.672067
0.305585
0.254598
0.840067
0.769635
0.769610
0.876627
0.990140
0.336618
0.124146
0.598758
0.364891
0.561911
0.878661
0.895606
0.080441
0.644250
0.023426
0.400504
0.575545
0.914476
0.166006
0.006096
0.580594
0.806162
0.036102
0.293017
0.948879
0.997581
0.156638
0.664765
0.669649
0.462223
0.919363
0.509715
0.231858
0.688973
0.386342
0.221998
0.025591
0.510488
0.820756
0.390482
0.072398
0.699418
0.286088
0.152840
0.343667
0.309514
0.553344
0.919212
0.223991
0.719350
0.925308
0.804584
0.525512
0.961410
0.097601
0.474391
0.958992
0.254239
0.139156
0.628640
0.716462
0.058519
0.138356
0.948320
0.747492
0.524698
0.170318
0.773083
0.035185
0.991075
0.163566
0.107583
0.690492
0.449654
0.260423
0.034160
0.759169
0.813766
0.953372
0.983159
0.533116
0.878680
0.787744
0.058628
0.840091
0.885345
0.533019
0.799082
0.139584
0.672175
0.427723
0.856046
0.730694
0.566078
0.804366
0.478186
0.090776
0.974685
0.251269
0.125961
0.965759
0.414835
0.233544
0.656251
0.864489
0.493967
0.690411
0.623658
0.307733
0.643783
0.606817
0.840849
0.522463
0.394561
0.899477
0.362554
0.279906
0.432496
0.161636
0.419490
0.104670
0.589359
0.275536
0.835364
0.155437
0.079902
0.313550
0.246212
0.054586
0.564819
0.372173
0.020346
0.979654
0.605717
0.676597
0.844144
0.099684
0.367008
0.467802
0.407417
0.010791
0.074619
0.248266
0.533254
0.469180
0.147743
0.895808
0.749086
0.580239
0.057444
0.168575
0.684909
0.646803
0.444111
0.520273
0.802240
0.524013
0.833824
0.048452
0.578600
0.398643
0.420625
0.598945
0.378297
0.026342
0.275542
0.222441
0.126026
0.642550
0.690243
0.533443
0.653340
0.764862
0.781709
0.186594
0.234042
0.929452
0.082402
0.983128
0.509691
0.139846
0.151703
0.194600
0.786649
0.595814
0.714873
0.588889
0.119827
0.548697
0.637341
0.698427
0.947340
0.057966
0.297372
0.325637
0.084309
0.572914
0.548079
0.210335
0.215464
0.238322
0.743778
0.868804
0.003183
0.525487
0.055398
0.237225
0.454939
0.137800
0.220353
0.964629
0.277646
0.372056
0.159229
0.064294
0.967870
0.874103
0.653183
0.087698
0.422800
0.290524
0.786124
0.370140
0.348491
0.083496
0.695777
0.432800
0.656410
0.243856
0.643135
0.871874
0.482177
0.386913
0.740677
0.485361
0.912400
0.796075
0.722586
0.367338
0.933875
0.942939
0.331968
0.211520
0.314995
0.491197
0.275815
0.282865
0.365300
0.928998
0.370563
0.788099
0.219522
0.156687
0.158239
0.568013
0.240183
0.854016
0.000812
0.896594
0.097872
0.643947
0.768467
0.580049
0.030860
0.509145
0.065410
0.943259
0.305220
0.787996
0.310598
0.239095
0.730935
0.642565
0.450615
0.045930
0.133763
0.726430
0.328795
0.499062
0.655428
0.699358
0.287162
0.874950
0.856045
0.445401
0.442963
0.096228
0.299417
0.443775
0.992822
0.397289
0.087722
0.761289
0.977338
0.118581
0.270434
0.042749
0.061840
0.575654
0.830745
0.372438
0.814749
0.561680
0.015003
0.265364
0.607611
0.148766
0.991794
0.936406
0.647828
0.647222
0.635764
0.934990
0.522172
0.491808
0.380391
0.965135
0.588037
0.679808
0.408909
0.580858
0.077097
0.496631
0.342148
0.054435
0.615212
0.612582
0.097184
0.677052
0.188236
0.927929
0.049490
0.002984
0.489609
0.064494
0.268349
0.097220
0.213259
0.260143
0.033626
0.861088
0.907365
0.669389
0.796078
0.429537
0.161198
0.176468
0.394672
0.749234
0.856276
0.803581
0.330093
0.933373
0.300212
0.672240
0.987808
0.915424
0.284822
0.084992
0.592476
0.473057
0.012921
0.641966
0.476042
0.502531
0.706460
0.744390
0.599751
0.919719
0.004533
0.633377
0.780807
0.911898
0.302766
0.576884
0.341435
0.463964
0.753353
0.736107
0.213198
0.609629
0.539687
0.543291
0.543002
0.839899
0.215531
0.530810
0.755323
0.500352
0.615803
0.347799
0.973410
0.628724
0.989765
0.449452
0.131255
0.696225
0.193842
0.731006
0.615944
0.198375
0.364383
0.396751
0.110273
0.667149
0.973635
0.451709
0.131113
0.726988
0.187815
0.344311
0.336617
0.727503
0.887601
0.879619
0.567402
0.103132
0.410430
0.322725
0.603484
0.026233
0.670523
0.576894
0.654957
0.660289
0.026346
0.786212
0.356513
0.220188
0.517218
0.972457
0.418563
0.881601
0.369208
0.528836
0.548750
0.342843
0.980545
0.679863
0.069831
0.168360
0.024174
0.406448
0.895862
0.911775
0.286068
0.463264
0.014907
0.696497
0.785989
0.618391
0.722730
0.456512
0.195285
0.377687
0.116801
0.221631
0.163899
0.473314
0.441818
0.681117
0.445771
0.860381
0.562719
0.814980
0.389218
0.111469
0.157823
0.369762
0.791332
0.227654
0.538122
0.815506
0.634103
0.433985
0.727280
0.920170
0.897249
0.742187
0.616667
0.683238
0.360578
0.339397
0.139750
0.555863
0.717084
0.256551
0.777494
0.880983
0.729865
0.219312
0.562100
0.175636
0.079694
0.124819
0.990616
0.468911
0.236288
0.148439
0.838674
0.027620
0.376093
0.376796
0.843125
0.010195
0.810781
0.570406
0.930366
0.708030
0.312593
0.547033
0.391267
0.673171
0.886430
0.531017
0.229034
0.603514
0.787568
0.006528
0.484497
0.517432
0.225840
0.046597
0.693068
0.305534
0.171416
0.683684
0.774445
0.407704
0.832123
0.613119
0.435323
0.208215
0.989914
0.278448
0.218411
0.800695
0.848854
0.148776
0.508725
0.161446
0.695809
0.899992
0.834617
0.582240
0.431009
0.063651
0.185754
0.218577
0.070179
0.670251
0.736009
0.296019
0.716849
0.429078
0.601553
0.888264
0.112762
0.375998
0.295968
0.944884
0.989116
0.731291
0.153100
0.979031
0.009739
0.371511
0.779726
0.858593
0.520287
0.288451
0.020039
0.216096
0.188443
0.854656
0.798336
0.619452
0.918307
0.984090
0.838029
0.988486
0.654341
0.574038
0.284505
0.371190
0.003115
0.886058
0.259454
0.115877
0.262056
0.555422
0.060762
0.251172
0.286713
0.213861
0.230203
0.296453
0.585372
0.009929
0.155046
0.105659
0.298380
0.175085
0.321755
0.486823
0.029742
0.120091
0.106275
0.948049
0.104181
0.944303
0.936535
0.758522
0.518341
0.221041
0.129712
0.521457
0.107099
0.389166
0.637334
0.369155
0.944588
0.698096
0.620327
0.231301
0.911957
0.850531
0.527754
0.497329
0.860460
0.682800
0.602987
0.158840
0.857885
0.924742
0.645663
0.887627
0.044833
0.751938
0.835676
0.149014
0.696241
0.772211
0.907536
0.214583
0.993252
0.037248
0.736039
0.100350
0.426414
0.373373
0.469505
0.371002
0.071469
0.089833
0.602303
0.983426
0.940363
0.130057
0.480754
0.800823
0.812857
0.083742
0.959664
0.670742
0.008484
0.605327
0.558368
0.053316
0.357265
0.394044
0.202330
0.053506
0.166255
0.109866
0.268089
0.159507
0.147113
0.004128
0.259857
0.573527
0.377502
0.729362
0.944528
0.448971
0.819195
0.546832
0.432396
0.759558
0.676889
0.913151
0.560382
0.489746
0.996892
0.520046
0.160488
0.005376
0.125372
0.718856
0.058692
0.482637
0.112901
0.261022
0.536143
0.279156
0.370888
0.804232
0.438662
0.518001
0.808360
0.698519
0.091527
0.185861
0.427882
0.036056
0.634832
0.247077
0.582887
0.067228
0.006635
0.259776
0.980379
0.567017
0.749522
0.977271
0.087062
0.910010
0.982647
0.212435
0.628867
0.041339
0.695072
0.741767
0.302361
0.231215
0.020923
0.673249
0.035446
0.459585
0.191250
0.843806
0.158105
0.282777
0.029668
0.585986
0.318833
0.664499
0.833063
0.901721
0.731728
0.839698
0.161497
0.712107
0.406715
0.911019
0.689378
0.493777
0.821030
0.672025
0.706211
0.449897
0.713365
0.401283
0.191664
0.015726
0.632498
0.212587
0.688975
0.667944
0.672173
0.880225
0.511750
0.830277
0.163002
0.541418
0.416264
0.481835
0.205917
0.249327
0.383556
0.937645
0.089025
0.545053
0.649752
0.495739
0.456072
0.339130
0.989516
0.277102
0.011156
0.695727
0.726999
0.724521
0.097010
0.918663
0.740247
0.729507
0.131250
0.429222
0.397451
0.803422
0.309447
0.909201
0.633700
0.472449
0.450619
0.049964
0.954285
0.656536
0.299291
0.337840
0.594181
0.388315
0.882893
0.243933
0.884055
0.338965
0.583063
0.873571
0.616067
0.594219
0.569298
0.343066
0.318740
0.666308
0.261728
0.058986
0.395815
0.392978
0.488208
0.793267
0.196400
0.797655
0.702468
0.830100
0.270105
0.153087
0.880064
0.224389
0.809623
0.179354
0.562229
0.403805
0.567670
0.445123
0.647738
0.451724
0.784088
0.230802
0.325295
0.400155
0.825021
0.894593
0.743221
0.143760
0.560901
0.004949
0.202747
0.956716
0.397927
0.690955
0.749982
0.594327
0.488610
0.452450
0.424428
0.758715
0.605537
0.304491
0.983104
0.415161
0.483846
0.545334
0.818966
0.051516
0.990456
0.466704
0.503240
0.774544
0.697505
0.828535
0.174699
0.522526
0.723128
0.917920
0.666286
0.284029
0.922869
0.869033
0.240744
0.320795
0.559988
0.990727
0.915123
0.048599
0.443177
0.339550
0.807314
0.048714
0.644042
0.790418
0.463875
0.127887
0.335751
0.282841
0.179403
0.326208
0.749545
0.682643
0.100752
0.447050
0.511178
0.275451
0.969576
0.234306
0.193370
0.635862
0.518335
0.116239
0.504896
0.759079
0.437034
0.064884
0.749806
0.352157
0.113483
0.192983
0.691707
0.920796
0.241697
0.335749
0.711214
0.705572
0.463636
0.046966
0.988413
0.643039
0.373173
0.737958
0.325683
0.473925
0.185008
0.836861
0.749376
0.154584
0.071167
0.942746
0.790446
0.589502
0.058985
0.295342
0.348582
0.496020
0.360225
0.098388
0.848177
0.473708
0.291371
0.539884
0.394504
0.533068
0.875633
0.105718
0.238640
0.339270
0.152684
0.227053
0.982309
0.525857
0.965011
0.307992
0.999782
0.150019
0.144853
0.749158
0.304603
0.216020
0.691904
0.095049
0.805522
0.750889
0.390390
0.154104
0.246909
0.750616
0.252491
0.095085
0.224324
0.543862
0.634970
0.618828
0.076930
0.510603
0.724546
0.315570
0.849872
0.877230
0.542624
0.832181
0.403088
0.507635
0.140173
0.402870
0.657654
0.285026
0.152028
0.962257
0.501045
0.843932
0.057306
0.306567
0.594821
0.447696
0.460671
0.841730
0.198312
0.713162
0.936816
0.422636
0.257025
0.571785
0.041463
0.333954
0.082388
0.766010
0.649525
0.932260
0.643240
0.192148
0.764442
0.046328
0.699783
0.904615
0.449198
0.357437
0.189640
0.601226
0.319694
0.690685
0.445158
0.377000
0.997253
0.039979
0.824696
0.457924
0.881709
0.023008
0.171086
0.818525
0.445643
0.428111
0.390310
0.487107
0.762065
0.472698
0.253117
0.411590
0.404959
0.896357
0.603738
0.169400
0.942685
0.303521
0.074015
0.391882
0.660959
0.263655
0.993108
0.980653
0.954341
0.438266
0.357653
0.951593
0.478245
0.182349
0.409517
0.359955
0.205357
0.580603
0.178480
0.651000
0.008714
0.568790
0.138107
0.770779
0.041489
0.391223
0.182369
0.446447
0.287580
0.786107
0.615848
0.230265
0.089629
0.689863
0.622147
0.750587
0.953518
0.615255
0.731240
0.907858
0.053521
0.088893
0.859452
0.531767
0.271241
0.268969
0.891721
0.476598
0.849572
0.070201
0.127598
0.858286
0.638991
0.265705
0.629065
0.680480
0.656928
0.811435
0.126927
0.944508
0.597542
0.742775
0.174773
0.687170
0.432637
0.796920
0.437758
0.386155
0.412175
0.168998
0.294014
0.465697
0.257890
0.153465
0.997464
0.529131
0.422434
0.889185
0.005729
0.272006
0.959386
0.133327
0.130293
0.598378
0.399032
0.759358
0.278858
0.055960
0.570793
0.405785
0.000468
0.168335
0.148560
0.175241
0.855505
0.581197
0.972162
0.293263
0.967353
0.384337
0.462260
0.261366
0.850034
0.720150
0.414832
0.847498
0.249282
0.837266
0.736683
0.255011
0.109273
0.696069
0.388338
0.239565
0.294447
0.787370
0.998923
0.573304
0.843330
0.569716
0.979090
0.843799
0.738051
0.127650
0.019040
0.593556
0.708847
0.991202
0.886819
0.676200
0.375539
0.349079
0.937566
0.225573
0.069229
0.352398
0.073070
0.318511
0.189664
0.809753
0.573522
0.298937
0.505822
0.961860
0.538502
0.800269
0.749230
0.537425
0.373573
0.592561
0.107141
0.352663
0.436359
0.845192
0.480312
0.455399
0.438748
0.189159
0.446601
0.325567
0.865359
0.822140
0.674646
0.802925
0.047713
0.743875
0.155323
0.120784
0.062385
0.344987
0.930537
0.635907
0.643924
0.436359
0.597767
0.182426
0.236627
0.346997
0.719851
0.610200
0.939558
0.826993
0.962863
0.375917
0.672185
0.443175
0.831316
0.110933
0.632334
0.277917
0.436500
0.497694
0.100057
0.111146
0.300619
0.147770
0.855020
0.455942
0.268554
0.917406
0.800930
0.199091
0.553312
0.444854
0.635449
0.151079
0.627280
0.872076
0.498076
0.347131
0.482276
0.437634
0.174124
0.445139
0.813551
0.846309
0.888314
0.644867
0.957242
0.520649
0.922784
0.393742
0.018342
0.022842
0.504888
0.318961
0.170612
0.359909
0.774903
0.439166
0.277314
0.575833
0.638257
0.830627
0.020687
0.273706
0.981706
0.647966
0.145782
0.479782
0.995097
0.628059
0.917416
0.169221
0.073198
0.730967
0.015530
0.961512
0.375834
0.972772
0.482161
0.298618
0.366515
0.500503
0.321459
0.871403
0.819464
0.492071
0.231311
0.594367
0.931238
0.508625
0.170200
0.569494
0.339252
0.190886
0.843200
0.320958
0.838853
0.988982
0.800740
0.833950
0.617041
0.718156
0.003171
0.690239
0.449123
0.018701
0.651751
0.824957
0.991473
0.133911
0.123574
0.357988
0.634414
0.445034
0.229391
0.453878
0.937105
0.460702
0.048244
0.868343
0.969328
0.218444
0.437837
0.308580
0.409330
0.281037
0.629538
0.248183
0.270020
0.430278
0.082133
0.887061
0.148434
0.085305
0.577300
0.597557
0.104006
0.229050
0.422514
0.095480
0.362962
0.546088
0.453468
0.997376
0.991122
0.682858
0.451253
0.928227
0.143561
0.499498
0.796570
0.112888
0.717942
0.234408
0.421468
0.127272
0.515445
0.051005
0.375455
0.785465
0.481283
0.457589
0.672526
0.629717
0.542894
0.249825
0.227274
0.646900
0.478876
0.649788
0.742379
0.841838
0.195876
0.195847
0.839213
0.186998
0.878705
0.290467
0.115226
0.022266
0.789964
0.911796
0.135154
0.507906
0.146204
0.556622
0.635178
0.661649
0.607627
0.010633
0.447114
0.088910
0.468222
0.119639
0.718627
0.011115
0.369465
0.945901
0.658015
0.848341
0.595689
0.400394
0.690178
0.791565
0.596241
0.529392
0.978563
0.474946
0.819858
0.093789
0.497212
0.609822
0.005585
0.632366
0.117728
0.151789
0.188988
0.752906
0.813437
0.796615
0.763539
0.260551
0.885525
0.231760
0.380190
0.604152
0.242875
0.749655
0.550052
0.900890
0.597996
0.145741
0.301284
0.288174
0.937306
0.897525
0.817565
0.915868
0.372472
0.637424
0.009657
0.869684
0.247246
0.015242
0.502050
0.364974
0.167030
0.691038
0.117879
0.980468
0.487653
0.881418
0.241019
0.373178
0.113178
0.621209
0.977329
0.356054
0.370864
0.527382
0.256944
0.968859
0.673122
0.558228
0.257033
0.610428
0.455754
0.074599
0.526296
0.828226
0.712022
0.535954
0.697910
0.959268
0.551196
0.199960
0.324242
0.718226
0.890998
0.442121
0.698694
0.378651
0.323539
0.939712
0.751829
0.436717
0.560921
0.729158
0.792771
0.931785
0.256540
0.049715
0.900644
0.929662
0.607944
0.157677
0.540090
0.063697
0.232276
0.066387
0.891923
0.944298
0.602340
0.589833
0.903566
0.153536
0.789793
0.227808
0.871762
0.680791
0.669929
0.570455
0.059442
0.993468
0.510168
0.811271
0.430185
0.071088
0.540429
0.222957
0.002873
0.796969
0.272672
0.903517
0.726631
0.880615
0.061194
0.266721
0.944313
0.293470
0.333108
0.836236
0.237767
0.935448
0.426069
0.141333
0.088984
0.215861
0.369141
0.960745
0.896652
0.039070
0.531201
0.956094
0.032538
0.041368
0.767365
0.462723
0.112457
0.307794
0.685680
0.115330
0.104763
0.958351
0.018847
0.831394
0.838967
0.080040
0.098115
0.783279
0.373510
0.431223
0.619515
0.611277
0.366671
0.045584
0.752611
0.455655
0.261445
0.121752
0.416400
0.158097
0.160822
0.947601
0.114191
0.193359
0.988969
0.881556
0.656082
0.101425
0.189350
0.341762
0.216755
0.294113
0.300113
0.235602
0.125507
0.139080
0.315642
0.223623
0.922359
0.689152
0.654846
0.541875
0.300429
0.021517
0.587458
0.053040
0.477172
0.848903
0.174792
0.893572
0.007001
0.335613
0.841172
0.121192
0.528973
0.830141
0.002748
0.185055
0.931566
0.192098
0.526817
0.148321
0.486212
0.826930
0.383923
0.611719
0.966010
0.699565
0.835342
0.888370
0.388717
0.490188
0.430244
0.689146
0.511705
0.017703
0.742186
0.988876
0.866606
0.916978
0.882448
0.873607
0.252592
0.723620
0.994799
0.781564
0.553761
0.997547
0.966619
0.485327
0.189645
0.493436
0.633648
0.675857
0.320366
0.017571
0.287576
0.286377
0.717136
0.122918
0.174746
0.105853
0.613106
0.604991
0.794999
0.124811
0.622693
0.537186
0.113687
0.489299
0.454164
0.996135
0.362906
0.706756
0.719756
0.357705
0.488320
0.273517
0.355252
0.454939
0.758844
0.544897
0.948375
0.392492
0.220754
0.268742
0.410064
0.508330
0.555118
0.127200
0.631249
0.729865
0.233053
0.244355
0.334856
0.028052
0.369166
0.957549
0.565238
0.482853
0.446848
0.019402
0.478988
0.809755
0.726157
0.198744
0.167459
0.214477
0.472261
0.522711
0.669416
0.231104
0.067608
0.617791
0.623597
0.288362
0.886533
0.033660
0.796693
0.441651
0.160860
0.427941
0.171516
0.393913
0.672296
0.506372
0.421965
0.041462
0.463920
0.987203
0.524315
0.910769
0.006605
0.003303
0.720523
0.732762
0.202047
0.887983
0.947240
0.674308
0.410694
0.616656
0.905412
0.478302
0.234447
0.529009
0.766665
0.120980
0.562669
0.563357
0.562631
0.723529
0.991299
0.734147
0.117441
0.663595
0.240519
0.539406
0.705056
0.704439
0.526609
0.229371
0.615208
0.533214
0.232674
0.335732
0.265977
0.434721
0.223715
0.213216
0.109029
0.634409
0.829872
0.014441
0.112711
0.064319
0.543450
0.879375
0.185300
0.106119
0.442733
0.747931
0.829647
0.434031
0.482078
0.947089
0.097626
0.722597
0.486495
0.802682
0.427037
0.013104
0.032053
0.042245
0.546319
0.264728
0.377977
0.812295
0.699449
0.601691
0.025512
0.808478
0.236100
0.855384
0.822919
0.348811
0.919703
0.366369
0.228186
0.105003
0.472487
0.670919
0.852934
0.302135
0.104950
0.335012
0.249223
0.202576
0.057610
0.735718
0.005258
0.484647
0.748822
0.037312
0.526892
0.295141
0.302039
0.904869
0.107437
0.001488
0.506560
0.132948
0.809966
0.742660
0.988332
0.632885
0.091471
0.908036
0.999254
0.319657
0.013039
0.471742
0.990576
0.865973
0.773876
0.095526
0.200985
0.023099
0.298102
0.258595
0.758818
0.303360
0.743242
0.507640
0.340672
0.270134
0.802781
0.642712
0.175003
0.910218
0.644200
0.681563
0.043166
0.454166
0.424224
0.031498
0.087051
0.515695
0.939534
0.086305
0.835352
0.952573
0.558047
0.825928
0.818545
0.331923
0.921454
0.019531
0.355022
0.219556
0.278126
0.113840
0.522917
0.021367
0.621480
0.863589
0.291501
0.424261
0.506301
0.466504
0.334479
0.150500
0.148068
0.377645
0.604666
0.572292
0.409143
0.691717
0.087986
0.348677
0.778022
0.923339
0.301250
0.336069
0.749267
0.119795
0.667992
0.670721
0.139326
0.023014
0.890277
0.417451
0.136854
0.413194
0.438819
0.758334
0.276783
0.730320
0.182595
0.783084
0.196824
0.517074
0.933584
0.344892
0.894718
0.538251
0.917184
0.303861
0.229968
0.005170
0.652538
0.007990
0.928509
0.953788
0.344060
0.677776
0.073583
0.012051
0.348497
0.212909
0.035066
0.238774
0.630360
0.171920
0.651968
0.069179
0.930253
0.928751
0.799499
0.112848
0.711835
0.996323
0.629922
0.645420
0.341216
0.524641
0.183671
0.258399
0.828502
0.413639
0.263569
0.481040
0.421629
0.192078
0.434829
0.765689
0.869854
0.508412
0.777740
0.218350
0.721321
0.812806
0.457124
0.351681
0.984725
0.109093
0.420860
0.914979
0.037844
0.220359
0.027827
0.749680
0.216683
0.657749
0.395100
0.557898
0.182390
0.578770
0.816297
0.010892
0.992409
0.079867
0.491932
0.414038
0.271945
0.926761
0.179727
0.141799
0.435173
0.957467
0.360149
0.156494
0.770272
0.817274
0.508175
0.754998
0.926367
0.929035
0.669976
0.964211
0.149394
0.697803
0.713890
0.366077
0.355553
0.108990
0.923975
0.537943
0.687760
0.740273
0.548834
0.680169
0.820140
0.040766
0.094207
0.092085
0.967527
0.273933
0.233884
0.402700
0.231400
0.594033
0.559194
0.001672
0.411307
0.067368
0.756670
0.337674
0.996404
0.426646
0.301884
0.145798
0.124450
0.015775
0.511875
0.480002
0.124765
0.435851
0.017945
0.812525
0.176123
0.566779
0.492694
0.996263
0.607546
0.586901
0.088348
0.575073
0.860834
0.322232
0.977773
0.092234
0.916265
0.536966
0.093907
0.327572
0.604335
0.850576
0.665246
0.600738
0.277223
0.967131
0.746537
0.401672
0.982905
0.258412
0.881674
0.107670
0.694262
0.899619
0.920195
0.870386
0.466398
0.412888
0.866649
0.073944
0.999789
0.954997
0.649016
0.860623
0.277229
0.626789
0.952857
0.193495
0.163755
0.046764
0.521067
0.768090
0.897340
0.186313
0.368828
0.174563
0.153444
0.115365
0.576235
0.136349
0.373777
0.457909
0.244019
0.068039
0.357528
0.164214
0.938425
0.823927
0.577102
0.805074
0.897870
0.576891
0.760071
0.546887
0.437514
0.037301
0.173676
0.390372
0.230795
0.337431
0.437136
0.751863
0.105521
0.334476
0.938176
0.474350
0.509039
0.091620
0.589715
0.085274
0.227969
0.963491
0.543183
0.471988
0.031531
0.900712
0.636201
0.969956
0.724638
0.213303
0.775030
0.622509
0.790195
0.535101
0.169395
0.227709
0.572402
0.343071
0.618081
0.803198
0.680502
0.055217
0.555060
0.786023
0.389693
0.493236
0.260373
0.898733
0.584855
0.850088
0.984007
0.812824
0.813579
0.527190
0.284811
0.845110
0.427902
0.921013
0.815065
0.152540
0.134316
0.590095
0.775049
0.924511
0.125196
0.944444
0.152220
0.697598
0.287515
0.770301
0.500796
0.968017
0.825518
0.055856
0.754040
0.215212
0.549092
0.014413
0.113944
0.133947
0.864501
0.097951
0.946771
0.678080
0.625141
0.231582
0.523190
0.053043
0.152595
0.338255
0.205583
0.286911
0.928350
0.980632
0.211422
0.053547
0.925075
0.363643
0.751145
0.212590
0.133944
0.251941
0.180607
0.959463
0.307797
0.934647
0.174674
0.856888
0.949061
0.288619
0.990835
0.813562
0.386569
0.937606
0.491642
0.011710
0.169188
0.014832
0.064753
0.321784
0.353087
0.270336
0.608695
0.281437
0.250968
0.820118
0.334984
0.176043
0.183760
0.086129
0.388633
0.317704
0.338069
0.569240
0.277167
0.645866
0.503887
0.451841
0.502754
0.452948
0.740460
0.493590
0.266509
0.127029
0.431196
0.758151
0.138740
0.600384
0.772983
0.203493
0.922168
0.126070
0.473829
0.530863
0.407507
0.724797
0.350981
0.742491
0.900840
0.534741
0.828620
0.289473
0.852445
0.166689
0.858713
0.129612
0.812555
0.362600
0.581453
0.315310
0.815548
0.321913
0.808899
0.082057
0.448942
0.240095
0.840208
0.587682
0.840479
0.613191
0.791175
0.762647
0.739262
0.265004
0.293510
0.146769
0.989800
0.644491
0.889260
0.890640
0.179232
0.717880
0.180112
0.031677
0.884570
0.038825
0.161289
0.697125
0.401424
0.742742
0.012435
0.216972
0.064655
0.821334
0.299029
0.513597
0.061429
0.139237
0.101279
0.901908
0.752429
0.892454
0.664556
0.491690
0.157457
0.958066
0.638459
0.147257
0.602557
0.527719
0.037897
0.781789
0.245600
0.218009
0.813465
0.130169
0.256834
0.974754
0.827294
0.658258
0.717496
0.839729
0.875230
0.782151
0.661063
0.174259
0.295749
0.722492
0.313496
0.397028
0.624400
0.065925
0.289481
0.288956
0.557615
0.446938
0.247022
0.196074
0.594196
0.849579
0.723794
0.632093
0.631367
0.969393
0.850102
0.444833
0.099563
0.106935
0.419587
0.926857
0.765193
0.137083
0.766585
0.640424
0.919235
0.427648
0.814683
0.214983
0.150140
0.128179
0.612011
0.774540
0.194104
0.901492
0.063496
0.751720
0.348431
0.310518
0.947794
0.942627
0.160097
0.671588
0.574719
0.791464
0.640981
0.424821
0.236297
0.740544
0.531756
0.655884
0.667400
0.296949
0.792967
0.433986
0.937373
0.712201
0.861634
0.752056
0.927185
0.011774
0.880235
0.539196
0.786314
0.074339
0.440688
0.849809
0.826059
0.789119
0.160327
0.773853
0.731745
0.320424
0.445440
0.306464
0.111888
0.086422
0.731285
0.348185
0.826965
0.263041
0.004068
0.494366
0.559991
0.797035
0.928351
0.497364
0.509237
0.789985
0.249419
0.436421
0.801759
0.129654
0.975617
0.588073
0.203993
0.416305
0.437882
0.030052
0.205424
0.598209
0.803905
0.937170
0.918633
0.249345
0.243634
0.030521
0.335767
0.974919
0.378706
0.162732
0.237960
0.382774
0.657098
0.797951
0.179809
0.585449
0.295315
0.689046
0.375434
0.544734
0.125467
0.177194
0.674388
0.101084
0.765266
0.878381
0.517390
0.203148
0.908434
0.722814
0.801358
0.712338
0.659983
0.719991
0.961684
0.903617
0.750512
0.297450
0.878537
0.129218
0.460182
0.116497
0.511992
0.117280
0.914448
0.691801
0.702729
0.209762
0.380846
0.078163
0.754496
0.506314
0.255357
0.428884
0.607398
0.020623
0.307266
0.124787
0.223771
0.215699
0.847601
0.025129
0.928037
0.507584
0.745120
0.889721
0.411202
0.495632
0.187171
0.289738
0.624850
0.647353
0.406235
0.136841
0.764633
0.320683
0.828642
0.467362
0.530446
0.209488
0.545525
0.284942
0.715802
0.800882
0.713826
0.323200
0.821505
0.021091
0.447987
0.045277
0.236791
0.295588
0.070406
0.164828
0.803173
0.815526
0.054549
0.214375
0.311158
0.241720
0.504113
0.936007
0.889073
0.910348
0.072848
0.653707
0.231031
0.901490
0.121069
0.761477
0.110979
0.666594
0.046418
0.826781
0.467476
0.760244
0.149981
0.288981
0.781336
0.597968
0.334257
0.018126
0.893556
0.404663
0.182954
0.696729
0.220189
0.237503
0.911104
0.531347
0.479223
0.415216
0.467354
0.368297
0.325564
0.540202
0.022003
0.556596
0.441693
0.143072
0.318072
0.552671
0.809665
0.364491
0.379452
0.277141
0.124735
0.529433
0.566122
0.906071
0.127400
0.900380
0.924197
0.020957
0.305043
0.107151
0.717686
0.525232
0.344654
0.628789
0.056578
0.823877
0.044006
0.523932
0.192174
0.369570
0.064134
0.214177
0.926166
0.505827
0.357249
0.244238
0.058498
0.166914
0.608729
0.437950
0.444055
0.733463
0.967383
0.010177
0.639534
0.094783
0.910557
0.563731
0.115740
0.215600
0.670882
0.833426
0.740831
0.015536
0.462215
0.797410
0.839413
0.506221
0.321342
0.031587
0.875791
0.385476
0.245763
0.801957
0.891303
0.603012
0.046195
0.949801
0.769926
0.654923
0.387751
0.213981
0.388387
0.355134
0.224159
0.027921
0.449918
0.134715
0.591651
0.565658
0.350315
0.262533
0.399084
0.091146
0.278069
0.861299
0.888556
0.117482
0.367520
0.209897
0.149068
0.243311
0.595373
0.394832
0.045267
0.486676
0.997844
0.091462
0.436477
0.767770
0.746385
0.824228
0.981751
0.134772
0.179362
0.205910
0.162693
0.629280
0.340625
0.754344
0.194938
0.690940
0.016877
0.594022
0.782086
0.294946
0.455320
0.670642
0.412427
0.822840
0.880540
0.561495
0.066151
0.475913
0.956327
0.111418
0.962589
0.954171
0.202880
0.399066
0.721940
0.949266
0.223294
0.703691
0.084038
0.402656
0.909601
0.246730
0.031936
0.250226
0.001074
0.226874
0.941166
0.017951
0.820896
0.723252
0.312897
0.276216
0.393895
0.725324
0.099056
0.274435
0.286819
0.165207
0.750348
0.243146
0.276625
0.712937
0.197316
0.479505
0.112002
0.919257
0.428770
0.335296
0.622948
0.512808
0.737952
0.532549
0.759538
0.769888
0.782774
0.760613
0.996762
0.723940
0.778564
0.817657
0.447192
0.091460
0.093873
0.841087
0.816784
0.192929
0.115522
0.103603
0.358136
0.865869
0.346749
0.634760
0.578806
0.544065
0.114265
0.690808
0.463322
0.543036
0.026104
0.086270
0.055844
0.764055
0.618818
0.815382
0.533943
0.401593
0.575995
0.530705
0.125533
0.354559
0.348362
0.572725
0.446019
0.442236
0.413812
0.262803
0.635165
0.529334
0.366406
0.993301
0.395203
0.713155
0.628061
0.974009
0.257221
0.742327
0.664817
0.720543
0.285362
0.690920
0.806812
0.341206
0.454976
0.425631
0.156589
0.988919
0.827224
0.732584
0.519624
0.952756
0.087142
0.867987
0.525482
0.533161
0.310222
0.939294
0.795964
0.945387
0.468628
0.162371
0.938688
0.863831
0.875526
0.566750
0.837840
0.132747
0.309076
0.502657
0.853289
0.594439
0.193577
0.660102
0.935645
0.648553
0.085732
0.092234
0.637472
0.912956
0.824818
0.157096
0.865712
0.911960
0.025083
0.391194
0.445121
0.335305
0.330488
0.241086
0.280693
0.799116
0.403456
0.219381
0.662947
0.278982
0.786130
0.500787
0.411729
0.095207
0.003444
0.265018
0.689646
0.197021
0.925119
0.625291
0.845574
0.010852
0.717525
0.483046
0.923808
0.542342
0.640143
0.789520
0.454302
0.665226
0.180714
0.899423
0.000531
0.511202
0.140509
0.281224
0.310319
0.543965
0.500605
0.973266
0.822947
0.286735
0.474053
0.234676
0.381942
0.477497
0.499693
0.071587
0.674519
0.424813
0.696878
0.520093
0.435665
0.414403
0.003139
0.359472
0.956745
0.643282
0.148992
0.411047
0.308508
0.329706
0.310470
0.309039
0.840909
0.450979
0.590263
0.151227
0.994944
0.090867
0.124493
0.817890
0.377603
0.598547
0.052566
0.759545
0.076044
0.552259
0.831132
0.750563
0.977072
0.528010
0.270656
0.412737
0.942413
0.273795
0.772209
0.899158
0.917077
0.921201
0.310205
0.225585
0.250908
0.620675
0.534624
0.091817
0.071653
0.124886
0.243044
0.066597
0.215754
0.367538
0.884487
0.593356
0.966084
0.937053
0.352901
0.042129
0.489313
0.184033
0.792691
0.466385
0.712043
0.063347
0.879122
0.654456
0.337142
0.651331
0.553614
0.254219
0.572532
0.863818
0.479803
0.823440
0.484493
0.014427
0.915257
0.556146
0.139313
0.158301
0.622743
0.355067
0.525839
0.507230
0.948423
0.491923
0.444284
0.301324
0.534052
0.933597
0.485357
0.326743
0.399982
0.197399
0.390090
0.279104
0.851855
0.727232
0.930435
0.405469
0.981451
0.502967
0.269287
0.461254
0.326407
0.753780
0.475681
0.241664
0.309926
0.614995
0.399965
0.932669
0.970061
0.925803
0.439899
0.918485
0.417726
0.884183
0.219808
0.951778
0.817779
0.705165
0.278521
0.217761
0.902564
0.668611
0.496864
0.754420
0.395842
0.427299
0.159888
0.377293
0.930266
0.429175
0.838547
0.256673
0.182955
0.314228
0.498337
0.492881
0.929223
0.898301
0.425549
0.899284
0.824104
0.865448
0.817769
0.241831
0.749631
0.037577
0.193608
0.567410
0.742742
0.472129
0.785171
0.645307
0.140740
0.282035
0.399726
0.536582
0.709334
0.559615
0.913875
0.639600
0.988790
0.752422
0.896273
0.171745
0.066651
0.394610
0.664626
0.995874
0.292911
0.090175
0.895158
0.117015
0.955623
0.712927
0.358846
0.705254
0.750504
0.552455
0.272664
0.493247
0.024584
0.057834
0.138553
0.165323
0.339870
0.538280
0.701906
0.049204
0.097894
0.615781
0.688804
0.086684
0.368203
0.585077
0.258429
0.434854
0.979687
0.923055
0.430728
0.272598
0.013230
0.325886
0.389613
0.968853
0.038813
0.748459
0.674107
0.789317
0.300914
0.946770
0.282564
0.325497
0.004605
0.421117
0.490821
0.344474
0.959397
0.192727
0.393678
0.057291
0.808507
0.082482
0.143975
0.176711
0.667559
0.402404
0.611565
0.647246
0.325459
0.042293
0.919843
0.338689
0.368179
0.309457
0.307541
0.406992
0.057916
0.981648
0.196310
0.358830
0.928418
0.478874
0.684327
0.933023
0.899991
0.175148
0.277497
0.859388
0.367874
0.671175
0.916678
0.176382
0.753657
0.060654
0.353093
0.421216
0.463058
0.964658
0.068462
0.788517
0.006951
0.988305
0.127206
0.375130
0.297762
0.434747
0.782122
0.355678
0.416395
0.978432
0.714507
0.344814
0.457305
0.398834
0.277837
0.357296
0.573982
0.555334
0.216684
0.941857
0.226509
0.133362
0.118239
0.980167
0.194016
0.471331
0.401383
0.657074
0.435989
0.469845
0.445591
0.442940
0.458150
0.572796
0.818069
0.755912
0.007544
0.600191
0.111590
0.423939
0.578623
0.826097
0.768753
0.035928
0.224931
0.046589
0.393224
0.798914
0.601923
0.609908
0.740770
0.828433
0.743270
0.859009
0.808599
0.937285
0.330340
0.209982
0.594359
0.766329
0.679827
0.039950
0.209269
0.137977
0.612746
0.027338
0.893889
0.620290
0.627529
0.005479
0.044229
0.206152
0.831576
0.812981
0.242080
0.056508
0.859571
0.635304
0.855421
0.461494
0.245211
0.596192
0.289927
0.988481
0.455200
0.098526
0.925766
0.785541
0.308508
0.520125
0.551870
0.988335
0.560075
0.761138
0.126312
0.172821
0.788476
0.020201
0.793111
0.416005
0.025680
0.837340
0.622157
0.857256
0.650321