0.525222
0.473574
0.772451
0.632989
0.922993
0.886186
0.400793
0.824061
0.810184
0.018829
0.804195
0.907214
0.035563
0.120623
0.912963
0.371470
0.248881
0.430128
0.815133
0.408869
0.298031
0.337450
0.634964
0.157378
0.091015
0.566581
0.416559
0.245313
0.828915
0.168306
0.108978
0.354137
0.641881
0.881429
0.987125
0.564874
0.767616
0.387918
0.388935
0.577799
0.406747
0.193130
0.485013
0.442309
0.313753
0.397976
0.813780
0.562634
0.828103
0.628913
0.971503
0.126135
0.966363
0.606467
0.283512
0.057378
0.173048
0.700072
0.302691
0.001963
0.868378
0.411669
0.356100
0.510259
0.293098
0.343225
0.075133
0.060714
0.731143
0.464068
0.638513
0.137890
0.657198
0.123526
0.580199
0.970950
0.521502
0.393979
0.533584
0.349605
0.022892
0.505087
0.475739
0.989255
0.111555
0.759252
0.046633
0.284603
0.459324
0.349324
0.286566
0.327702
0.760993
0.642665
0.837961
0.054092
0.985890
0.913095
0.114805
0.717033
0.377162
0.753318
0.854923
0.034360
0.876844
0.435122
0.005310
0.398346
0.829101
0.538894
0.747951
0.851993
0.043981
0.223690
0.841249
0.155536
0.982942
0.887882
0.440139
0.442266
0.237206
0.726704
0.769968
0.998200
0.369369
0.607930
0.052291
0.355260
0.521024
0.167097
0.072293
0.898187
0.920415
0.927216
0.932547
0.797259
0.362338
0.937857
0.195605
0.191439
0.476751
0.943556
0.043432
0.520732
0.167246
0.884681
0.676268
0.150188
0.772563
0.116406
0.592454
0.009769
0.843111
0.362423
0.007969
0.212480
0.970352
0.060260
0.567740
0.491377
0.227357
0.640033
0.389563
0.147772
0.567249
0.322110
0.945032
0.929587
0.259967
0.140637
0.121026
0.736717
0.084193
0.164458
0.257449
0.251439
0.049139
0.933717
0.401627
0.821702
0.050123
0.994081
0.831472
0.893234
0.356504
0.839441
0.105714
0.326856
0.899701
0.673454
0.818233
0.127058
0.313486
0.207797
0.274830
0.880735
0.529907
0.219862
0.810322
0.789873
0.360499
0.931348
0.526591
0.444692
0.095806
0.784040
0.696131
0.144946
0.717757
0.097758
0.966648
0.767881
0.091839
0.798120
0.661115
0.448343
0.637560
0.766829
0.775200
0.537261
0.440282
0.593433
0.664319
0.753769
0.801229
0.939150
0.634504
0.331136
0.159012
0.444826
0.121009
0.519511
0.376174
0.647600
0.964202
0.471980
0.431640
0.660333
0.616926
0.149397
0.758091
0.583574
0.917278
0.849930
0.381693
0.578393
0.298273
0.019253
0.345221
0.073473
0.556514
0.785503
0.666906
0.220834
0.539272
0.468135
0.159984
0.173776
0.799272
0.318995
0.618602
0.920281
0.838506
0.994776
0.567881
0.802708
0.466756
0.999521
0.463041
0.083681
0.148918
0.221132
0.667255
0.066196
0.071062
0.048948
0.644589
0.369336
0.068202
0.989810
0.442809
0.624716
0.775313
0.109715
0.845550
0.314585
0.577850
0.005534
0.488361
0.377122
0.324529
0.106963
0.297403
0.163035
0.101738
0.865284
0.965743
0.568494
0.864804
0.428785
0.652176
0.013723
0.649917
0.319431
0.079919
0.720979
0.368379
0.724507
0.090315
0.436581
0.714317
0.533124
0.061297
0.489630
0.642838
0.906847
0.804216
0.220689
0.912381
0.292577
0.597810
0.236910
0.399540
0.895213
0.399945
0.501278
0.760497
0.365688
0.069772
0.625301
0.794473
0.721948
0.639024
0.444390
0.041378
0.718943
0.165369
0.409758
0.443450
0.255684
0.846339
0.157767
0.788808
0.907636
0.647398
0.431646
0.814483
0.451614
0.652335
0.726864
0.744190
0.250146
0.963774
0.143730
0.145359
0.363718
0.645008
0.905855
0.729406
0.714780
0.531156
0.523879
0.436727
0.170180
0.968270
0.478106
0.889123
0.133639
0.887863
0.332573
0.389323
0.734202
0.490340
0.178131
0.641838
0.137738
0.609778
0.456321
0.589352
0.262113
0.183184
0.333542
0.512259
0.146958
0.477272
0.657617
0.510676
0.122280
0.563472
0.240083
0.837060
0.094629
0.763962
0.273787
0.264809
0.732232
0.751893
0.153931
0.865871
0.639756
0.486504
0.255194
0.373957
0.976845
0.433325
0.015795
0.114583
0.043103
0.472116
0.703935
0.305216
0.655300
0.037477
0.817475
0.802258
0.514749
0.475092
0.312934
0.637029
0.038564
0.553017
0.474089
0.133193
0.316979
0.747875
0.398002
0.049211
0.499768
0.551933
0.915081
0.139524
0.038437
0.170276
0.513481
0.015282
0.603601
0.529276
0.129865
0.646704
0.001392
0.833800
0.951920
0.656692
0.871277
0.769395
0.458950
0.386026
0.244487
0.771884
0.023055
0.283051
0.324901
0.497143
0.416244
0.641880
0.245019
0.814246
0.691091
0.744787
0.366179
0.606173
0.884310
0.404616
0.776448
0.397791
0.419898
0.380049
0.927067
0.549763
0.026753
0.928459
0.383563
0.978674
0.585151
0.254839
0.748069
0.044101
0.640865
0.992556
0.815985
0.663920
0.275607
0.140887
0.161063
0.691851
0.782767
0.406081
0.506097
0.473858
0.150868
0.872275
0.080030
0.035178
0.276891
0.856478
0.432969
0.696789
0.236527
0.360037
0.246552
0.263281
0.288496
0.630114
0.241954
0.873647
0.884954
0.990023
0.917748
0.525818
0.982579
0.733734
0.189738
0.258186
0.874620
0.350801
0.950037
0.657387
0.756882
0.456134
0.131245
0.907750
0.328409
0.211275
0.942928
0.605300
0.067754
0.375898
0.302089
0.304281
0.735935
0.548641
0.567562
0.024431
0.178755
0.809516
0.898078
0.063709
0.799539
0.815826
0.589527
0.782119
0.549559
0.779265
0.040305
0.424179
0.130066
0.990342
0.081566
0.886948
0.446476
0.212811
0.794699
0.774885
0.424086
0.737627
0.380185
0.491840
0.113525
0.682274
0.796121
0.849460
0.230914
0.363682
0.873890
0.409669
0.173199
0.771968
0.473378
0.972738
0.587794
0.062905
0.754857
0.137353
0.842170
0.795162
0.561532
0.972236
0.785504
0.643099
0.859185
0.231980
0.855910
0.653883
0.006865
0.279996
0.391511
0.387050
0.771836
0.505036
0.069323
0.567957
0.354495
0.300238
0.931639
0.228385
0.709907
0.104838
0.000353
0.183285
0.077576
0.588147
0.246190
0.832433
0.725500
0.088360
0.627594
0.287032
0.060596
0.413098
0.930131
0.919780
0.645078
0.786041
0.573664
0.651943
0.066037
0.965174
0.038993
0.837873
0.470210
0.108316
0.405830
0.824705
0.408554
0.337469
0.053091
0.118461
0.442306
0.053444
0.301746
0.519882
0.641590
0.547935
0.352315
0.367090
0.636295
0.979909
0.654122
0.696890
0.393007
0.584253
0.616671
0.038086
0.370294
0.190334
0.690029
0.436330
0.155509
0.729022
0.274203
0.625719
0.837338
0.680033
0.450424
0.245892
0.017502
0.503514
0.364353
0.459808
0.556958
0.666099
0.979690
0.198548
0.214034
0.332005
0.565638
0.850329
0.311914
0.219760
0.547219
0.704921
0.804013
0.163890
0.743007
0.174307
0.354224
0.433036
0.610637
0.509733
0.162057
0.884840
0.135451
0.999395
0.564873
0.585875
0.245287
0.582375
0.089390
0.609640
0.042183
0.646348
0.275739
0.021873
0.844896
0.489773
0.353878
0.410534
0.340101
0.665793
0.630295
0.887320
0.370714
0.434308
0.051210
0.113721
0.608614
0.405434
0.546756
0.219251
0.915167
0.708814
0.104091
0.050618
0.708209
0.668964
0.636493
0.953496
0.251339
0.725883
0.563137
0.293522
0.372231
0.838876
0.315396
0.217127
0.328648
0.669274
0.627661
0.668750
0.335067
0.257956
0.556070
0.705780
0.692263
0.607280
0.819501
0.300878
0.012714
0.366258
0.520129
0.927881
0.075071
0.624220
0.978499
0.783280
0.293184
0.614992
0.736777
0.544524
0.340875
0.299914
0.838046
0.713106
0.138789
0.153442
0.930232
0.467438
0.822715
0.557893
0.136187
0.157782
0.815849
0.692257
0.863562
0.508113
0.299537
0.683064
0.808990
0.312252
0.049321
0.329119
0.240132
0.124393
0.953339
0.218631
0.907673
0.246523
0.833624
0.644450
0.791047
0.174499
0.944364
0.629093
0.887604
0.083153
0.782535
0.817837
0.550590
0.605250
0.375730
0.686778
0.763032
0.191579
0.379035
0.626594
0.699692
0.678572
0.309658
0.508682
0.990824
0.358979
0.837801
0.230956
0.483372
0.791140
0.449588
0.391045
0.037663
0.283212
0.035495
0.828710
0.457710
0.979859
0.457803
0.345315
0.063012
0.240337
0.163152
0.613602
0.845587
0.538882
0.300380
0.608619
0.730462
0.679415
0.235214
0.430154
0.357987
0.544872
0.938836
0.348811
0.903852
0.776637
0.579767
0.387224
0.567777
0.029355
0.778269
0.605439
0.312567
0.813764
0.434149
0.770277
0.793623
0.891952
0.115592
0.856635
0.132290
0.278743
0.470237
0.977877
0.817625
0.770617
0.586497
0.548087
0.450032
0.821711
0.978241
0.808019
0.366583
0.917076
0.156830
0.270434
0.693713
0.736597
0.657658
0.261490
0.765952
0.435927
0.866929
0.078518
0.249692
0.301079
0.848795
0.043315
0.193031
0.964387
0.899950
0.325321
0.243130
0.370187
0.303198
0.060756
0.140804
0.889695
0.608843
0.590836
0.711406
0.587083
0.398855
0.077989
0.504160
0.555684
0.348423
0.197873
0.292281
0.006081
0.459363
0.058233
0.442008
0.326292
0.136751
0.691700
0.627371
0.985546
0.735015
0.820402
0.949933
0.634965
0.145723
0.193063
0.005152
0.448921
0.253818
0.145956
0.338616
0.862661
0.736792
0.050022
0.449745
0.135647
0.128011
0.953904
0.691331
0.476434
0.151777
0.983612
0.482515
0.611140
0.041844
0.924523
0.937432
0.178595
0.616223
0.564803
0.164141
0.351238
0.385204
0.114073
0.986203
0.530927
0.307136
0.991355
0.979848
0.560955
0.137311
0.318464
0.423616
0.874104
0.368486
0.873360
0.009750
0.496496
0.827265
0.701081
0.972930
0.979042
0.684693
0.455445
0.590182
0.726538
0.379969
0.527614
0.905133
0.996192
0.092417
0.069274
0.347430
0.477621
0.183347
0.333633
0.008548
0.490483
0.324988
0.988396
0.051437
0.462299
0.306859
0.475053
0.336403
0.675345
0.348414
0.346153
0.171842
0.175679
0.047234
0.144772
0.154721
0.731928
0.600217
0.744903
0.458465
0.980186
0.272518
0.363598
0.976377
0.364935
0.432872
0.323807
0.842556