0.746495
0.247532
0.763288
0.393389
0.120971
0.405883
0.899879
0.975011
0.914220
0.614005
0.643212
0.043512
0.276419
0.964250
0.858796
0.056359
0.815762
0.830649
0.252961
0.509884
0.017243
0.079890
0.116874
0.081931
0.572876
0.235949
0.621333
0.089149
0.349033
0.378517
0.329246
0.095528
0.626050
0.092534
0.488917
0.747021
0.498418
0.388796
0.722032
0.412637
0.002802
0.365244
0.456149
0.279220
0.329495
0.314945
0.335579
0.145256
0.145594
0.588540
0.655140
0.162837
0.668430
0.772014
0.244768
0.241306
0.007963
0.866100
0.330455
0.356996
0.244618
0.659701
0.452524
0.870668
0.752236
0.941441
0.617689
0.250653
0.330238
0.339721
0.663290
0.333040
0.704965
0.119439
0.612260
0.034460
0.434384
0.947839
0.179716
0.579978
0.536379
0.834856
0.742815
0.204810
0.606870
0.987583
0.446116
0.614833
0.853683
0.776571
0.971829
0.098301
0.436272
0.424353
0.968969
0.188508
0.365794
0.586658
0.439161
0.696032
0.926379
0.102451
0.029072
0.631344
0.221891
0.641332
0.665804
0.656275
0.589171
0.845520
0.236253
0.125550
0.680377
0.979068
0.330360
0.287247
0.966651
0.776476
0.902080
0.820335
0.553047
0.873909
0.918636
0.989319
0.298262
0.887605
0.177827
0.664056
0.474263
0.616987
0.360088
0.400641
0.719439
0.389160
0.031985
0.941330
0.030492
0.697789
0.597605
0.619663
0.543309
0.833858
0.745213
0.223685
0.812926
0.075573
0.510932
0.779577
0.852049
0.413013
0.599912
0.405096
0.286922
0.518548
0.394415
0.585184
0.406152
0.572241
0.249240
0.880415
0.189229
0.609328
0.281056
0.908668
0.998488
0.313041
0.849997
0.028980
0.010829
0.447602
0.648643
0.554138
0.281459
0.393856
0.777823
0.094385
0.469429
0.288756
0.873963
0.321479
0.701768
0.473874
0.726575
0.988690
0.992422
0.120989
0.573873
0.398574
0.693231
0.823113
0.278989
0.882459
0.432441
0.560045
0.791127
0.430930
0.873086
0.641124
0.459910
0.883915
0.088726
0.108552
0.438053
0.370185
0.502408
0.215876
0.464570
0.971838
0.504632
0.338533
0.293317
0.206401
0.812407
0.019891
0.195091
0.804829
0.140881
0.768964
0.203403
0.834111
0.592077
0.482392
0.716571
0.024519
0.042437
0.507698
0.455448
0.915522
0.148822
0.915358
0.799437
0.237548
0.023910
0.237490
0.607733
0.526318
0.453367
0.072303
0.498156
0.957999
0.410835
0.791473
0.164400
0.223242
0.811364
0.359490
0.028071
0.952245
0.128455
0.231474
0.786356
0.720532
0.713866
0.502927
0.745051
0.756303
0.010625
0.200499
0.671825
0.159447
0.115857
0.471262
0.396995
0.139767
0.708752
0.004727
0.666085
0.162119
0.077030
0.164241
0.120118
0.487865
0.955714
0.284518
0.711108
0.767078
0.644008
0.739179
0.719323
0.772463
0.970653
0.505680
0.492994
0.684519
0.008607
0.238045
0.440822
0.019232
0.438544
0.112647
0.178679
0.554401
0.583909
0.575673
0.694167
0.292661
0.580400
0.360253
0.454781
0.657430
0.524494
0.574899
0.145296
0.480208
0.859416
0.856403
0.247287
0.503424
0.595582
0.966610
0.275887
0.566235
0.472290
0.768881
0.250754
0.480896
0.006926
0.691576
0.500128
0.445470
0.804223
0.678807
0.999871
0.388132
0.254480
0.694038
0.680793
0.834880
0.054291
0.135574
0.492311
0.578785
0.710472
0.637606
0.058993
0.569888
0.494009
0.306280
0.073313
0.089592
0.272890
0.349199
0.655827
0.745180
0.118081
0.906581
0.226076
0.125007
0.598157
0.726205
0.570477
0.402380
0.405011
0.570348
0.790512
0.659491
0.264386
0.471305
0.494372
0.318677
0.606879
0.986682
0.897462
0.317351
0.624288
0.956455
0.887239
0.118298
0.262735
0.960552
0.207889
0.535626
0.309751
0.863716
0.280806
0.427832
0.770298
0.506882
0.552839
0.368455
0.233087
0.123316
0.770835
0.638098
0.693664
0.561346
0.297589
0.958050
0.032651
0.791961
0.276727
0.639530
0.778643
0.174189
0.956881
0.402932
0.130644
0.844120
0.521230
0.393379
0.804671
0.729119
0.929005
0.114423
0.592835
0.209810
0.542254
0.363133
0.716692
0.095093
0.731588
0.949779
0.218408
0.502423
0.587877
0.912072
0.063769
0.885466
0.870122
0.096420
0.677427
0.146848
0.735950
0.456071
0.321037
0.692831
0.859002
0.451681
0.536950
0.380232
0.845060
0.341622
0.109351
0.774064
0.456044
0.702186
0.983875
0.998299
0.065320
0.700567
0.093391
0.796908
0.650346
0.311800
0.299330
0.238223
0.223872
0.363099
0.123689
0.093993
0.459520
0.801116
0.240842
0.195470
0.257187
0.561879
0.888301
0.116189
0.013560
0.425251
0.496421
0.858619
0.766873
0.605772
0.632684
0.222917
0.307959
0.616558
0.221216
0.373278
0.317125
0.314607
0.170186
0.967471
0.626407
0.469516
0.205694
0.850279
0.832616
0.329383
0.944272
0.292135
0.130499
0.185114
0.487605
0.387686
0.746992
0.375906
0.503875
0.760552
0.801157
0.000297
0.619171
0.568030
0.606069
0.251855
0.790947
0.914028
0.868414
0.012163
0.287306
0.185539
0.326770
0.457492
0.153010
0.953177
0.927008
0.358704
0.803456
0.759624
0.688086
0.747727
0.051759
0.818585
0.932841
0.539365
0.206272
0.679834
0.915271
0.710147
0.440386
0.716428
0.710444
0.059557
0.284458
0.316513
0.311412
0.075405
0.230541
0.179826
0.087568
0.517847
0.365364
0.414338
0.975339
0.518374
0.367515
0.902347
0.877078
0.170971
0.661971
0.565164
0.918698
0.713731
0.383749
0.851539
0.253095
0.590021
0.531373
0.168366
0.300168
0.971758
0.884794
0.010612
0.031315
0.169252
0.327125
0.342728
0.244657
0.557665
0.522553
0.332225
0.075512
0.887918
0.746563
0.050851
0.406292
0.114078
0.953198
0.283370
0.285049
0.615169
0.848534
0.203747
0.328900
0.232283
0.055286
0.581995
0.822304
0.586659
0.750362
0.122472
0.558417
0.635155
0.133084
0.589732
0.804407
0.460209
0.932460
0.049064
0.017874
0.455013
0.381288
0.093386
0.342931
0.127851
0.144237
0.749223
0.241929
0.097435
0.032593
0.526978
0.712604
0.881127
0.730724
0.041504
0.113410
0.786010
0.623500
0.935714
0.372669
0.373861
0.058186
0.931086
0.009017
0.191271
0.520818
0.813424
0.651479
0.453278
0.862488
0.669353
0.908291
0.243776
0.762739
0.251222
0.371627
0.906975
0.000445
0.613556
0.004410
0.033038
0.140534
0.717014
0.914164
0.871259
0.758518
0.027574
0.657269
0.382018
0.963288
0.029938
0.755879
0.021475
0.961023
0.764895
0.212745
0.481841
0.578319
0.864225
0.935118
0.440807
0.533577
0.843409
0.684583
0.296316
0.094631
0.056210
0.203291
0.095076
0.669766
0.207701
0.128113
0.810301
0.924715
0.042278
0.681559
0.683233
0.069852
0.338828
0.065251
0.033140
0.368766
0.821130
0.054615
0.329789
0.586025
0.267361
0.811630
0.164344
0.131585
0.746749
0.605151
0.665163
0.590158
0.289733
0.961479
0.684789
0.345943
0.164770
0.779864
0.015710
0.372471
0.907978
0.826011
0.297186
0.950255
0.507570
0.980419
0.020107
0.846398
0.045670
0.053247
0.215164
0.866800
0.107863
0.544953
0.452825
0.375223
0.356584
0.617169
0.506809
0.103332
0.222320
0.171971
0.693490
0.512053
0.133450
0.378278
0.857996
0.298220
0.158143
0.873706
0.670691
0.066120
0.699717
0.967877
0.016375
0.207287
0.948297
0.036483
0.053685
0.993967
0.089730
0.268849
0.860767
0.197593
0.813803
0.313592
0.572816
0.170386
0.930762
0.079625
0.273718
0.153081
0.251596
0.967208
0.665135
0.385046
0.345487
0.523131
0.683266
0.503629
0.396837
0.353957
0.569749
0.096554
0.321834
0.586125
0.303841
0.270130
0.622608
0.357526
0.264097
0.712338
0.626375
0.124865
0.909930
0.440178
0.438457
0.482746
0.610564
0.369219
0.562371
0.884283
0.522300
0.813967
0.851491
0.187435
0.199013
0.196978
0.710566
0.882279
0.700607
0.107403
0.236235
0.270357
0.203958
0.558069
0.856481
0.507799
0.828199
0.479089
0.865325
0.092297
0.191427
0.491700
0.217162
0.101357
0.931878
0.655619
0.584103
0.542443
0.024837
0.146475
0.426726
0.547137
0.960442
0.278217
0.734572
0.159454
0.475195
0.445138
0.041733
0.175802
0.552541
0.277968
0.446158
0.756499
0.836037
0.302640
0.264298
0.664237
0.781729
0.129623
0.756534
0.973155
0.621323
0.973695
0.074512
0.553201
0.629314
0.658616
0.095644
0.654151
0.805090
0.522370
0.201288
0.765532
0.800587
0.935861
0.924986
0.275781
0.380999
0.966719
0.451583
0.933540
0.244688
0.897741
0.690039
0.080725
0.200381
0.954337
0.744962
0.982110
0.083959
0.501495
0.955265
0.705282
0.475190
0.029777
0.258484
0.104504
0.688393
0.354128
0.758655
0.493483
0.876498
0.959943
0.259015
0.677085
0.895804
0.184002
0.952866
0.276803
0.150721
0.404449
0.210343
0.395409
0.302190
0.900382
0.476134
0.502571
0.854718
0.221095
0.484681
0.938678
0.722590
0.439946
0.643960
0.197781
0.469723
0.902444
0.302285
0.158116
0.256572
0.060940
0.651599
0.133070
0.020883
0.910615
0.810155
0.916687
0.094616
0.763021
0.193490
0.245338
0.167470
0.403832
0.640746
0.469660
0.304214
0.116880
0.972231
0.158932
0.337975
0.456912
0.097610
0.060566
0.896858
0.741571
0.258346
0.366581
0.644015
0.560631
0.524697
0.900587
0.621571
0.176297
0.033657
0.642454
0.086911
0.843812
0.559141
0.181528
0.606833
0.752630
0.426865
0.774302
0.156462
0.067612
0.243962
0.460676
0.184492
0.216194
0.619608
0.522467
0.673106
0.717218
0.583032
0.569964
0.458789
0.841378
0.936545
0.102803
0.402009
0.461242
0.003390
0.023580
0.637539
0.037047
0.666034
0.724450
0.880859
0.225174
0.905978
0.487692
0.977804
0.332843
0.261994
0.134266
0.400455
0.505957
0.594942
0.584946
0.722151
0.214550
0.107413
0.395256
0.931769
0.690445
0.965220
0.390557
0.531824
0.901765
0.493361
0.933833
0.363007
0.496751
0.957413
0.000545
0.533798
0.623446
0.724995
0.414658
0.848620
0.630973
0.902350
0.826425
0.963817
0.164344
0.960691
0.364271
0.670301
0.555633
0.949218
0.392451
0.770184
0.056631
0.787707
0.701953
0.747076
0.752927
0.092510
0.278900
0.654692
0.585871
0.212733
0.017699
0.082622
0.170145
0.018244
0.616420
0.793592
0.743240
0.031078
0.642212
0.374213
0.933427
0.468637
0.338030
0.097771
0.429328
0.702301
0.768072
0.984961
0.651519
0.160523
0.755145
0.708150
0.948230
0.457098
0.455226
0.701158
0.549607
0.734125
0.355850
0.135478
0.946858
0.373549
0.218100
0.117003
0.391793
0.834520
0.910595
0.135033
0.865597
0.552807
0.509246
0.799025
0.021443
0.847275
0.896796
0.450771
0.549576
0.664867
0.435732
0.201095
0.825390
0.190877
0.909245
0.773621
0.647974
0.364471
0.474779
0.197582
0.098596
0.830629
0.333060
0.045454
0.204177
0.551159
0.162458
0.595971
0.385679
0.073052
0.731003
0.251277
0.625859
0.240249
0.050301
0.647302
0.087525
0.947097
0.098073
0.637101
0.611964
0.533805
0.838197
0.437355
0.724682
0.747442
0.210976
0.372656
0.111913
0.685754
0.570238
0.210509
0.516383
0.903298
0.255963
0.720560
0.454457
0.418421
0.316531
0.840136
0.491473
0.047534
0.091413
0.117332
0.287784
0.141714
0.764634
0.375308
0.088811
0.862707
0.012410
0.700775
0.396512
0.850606
0.138130
0.121194
0.598048
0.349106
0.493850
0.709961
0.034860
0.064088
0.920470
0.551243
0.967385
0.176433
0.271803
0.421842
0.594854
0.588334
0.261978
0.086328
0.635868
0.353391
0.203660
0.923652
0.495105
0.968294
0.298960
0.583915
0.831001
0.311370
0.284691
0.227513
0.161976
0.422821
0.348707
0.760024
0.771927
0.842557
0.469985
0.806787
0.906645
0.390455
0.358029
0.874030
0.566889
0.629832
0.295872
0.161743
0.218166
0.557850
0.248071
0.854034
0.911241
0.451730
0.777686
0.406345
0.420025
0.076646
0.990261
0.251026
0.388016
0.274951
0.478539
0.549992
0.697772
0.827247
0.310017
0.469699
0.669804
0.780002
0.276486
0.576448
0.170457
0.634515
0.450478
0.737346
0.264348
0.746350
0.899089
0.482514
0.304200
0.147160
0.336548
0.215440
0.598890
0.114234
0.621785
0.018915
0.190880
0.612046
0.269941
0.578896
0.886998
0.748480
0.128888
0.584770
0.575727
0.438905
0.054469
0.245530
0.218907
0.330955
0.821978
0.389364
0.965471
0.272456
0.126711
0.229818
0.018806
0.025800
0.712332
0.323006
0.172960
0.048880
0.538446
0.771850
0.163114
0.160231
0.790765
0.353993
0.772277
0.060706
0.932889
0.659275
0.809186
0.061777
0.244045
0.384913
0.500682
0.298514
0.630443
0.719589
0.629469
0.452422
0.108954
0.594940
0.724878
0.235665
0.824758
0.743684
0.261465
0.537090
0.066689
0.434425
0.585970
0.605135
0.206275
0.749084
0.765367
0.997040
0.103077
0.537644
0.057747
0.035966
0.196919
0.866933
0.097744
0.440964
0.251846
0.598426
0.739479
0.882289
0.318016
0.368948
0.334711
0.426970
0.963888
0.059589
0.662634
0.788646
0.803273
0.924099
0.325736
0.869962
0.358523
0.911706
0.475098
0.564798
0.660790
0.240464
0.561839
0.763867
0.778109
0.619586
0.799833
0.975028
0.486519
0.897577
0.415992
0.738365
0.496003
0.155471
0.620654
0.814018
0.524419
0.955365
0.240988
0.488307
0.014954
0.903622
0.276953
0.818227
0.827721
0.602690
0.688189
0.186244
0.514396
0.163287
0.751043
0.175186
0.403751
0.312881
0.939053
0.181859
0.932467
0.738887
0.156887
0.418986
0.636463
0.572880
0.157350
0.132466
0.728351
0.778005
0.946485
0.252770
0.733370
0.187473
0.741077
0.748324
0.091095
0.018030
0.566551
0.918816
0.620720
0.254740
0.105060
0.135116
0.418026
0.856102
0.310303
0.821777
0.168984
0.249356
0.003637
0.101451
0.988243
0.160524
0.520436
0.624706
0.733404
0.677786
0.757172
0.461754
0.455791
0.703657
0.714524
0.189161
0.891130
0.455601
0.937485
0.982225
0.473631
0.504036
0.901040
0.094351
0.758775
0.006100
0.229468
0.176802
0.862202
0.539770
0.998579
0.031186
0.789127
0.002215
0.132637
0.777369
0.162739
0.653073
0.402075
0.896143
0.330859
0.159248
0.357898
0.786650
0.862905
0.072422
0.975811
0.754034
0.528023
0.913296
0.736259
0.001654
0.417331
0.637299
0.096005
0.176107
0.643399
0.325473
0.352908
0.505601
0.865243
0.351487
0.536787
0.654370
0.353702
0.669424
0.431739
0.516442
0.322497
0.833815
0.412585
0.653356
0.993062
0.770483
0.440006
0.855967
0.842905
0.415817
0.610001
0.370927
0.329113
0.346260
0.372581
0.746445
0.983559
0.468586
0.922551
0.626958
0.794058
0.275460
0.132560
0.659301
0.626947
0.669347
0.313671
0.980649
0.338771
0.745410
0.497091
0.661268
0.579225
0.909676
0.314624
0.572287
0.680159
0.754630
0.428254
0.523064
0.170448
0.038255
0.893991
0.499561
0.384516
0.266572
0.246005
0.368075
0.735158
0.168557
0.995033
0.529216
0.444016
0.127593
0.188518
0.070963
0.796940
0.502189
0.051612
0.135711
0.247599
0.548703
0.796979
0.826824
0.458379
0.111603
0.399111
0.138538
0.866234
0.827365
0.661602
0.036681
0.865620
0.555593
0.536242
0.250136
0.822165
0.782248
0.618211
0.557322
0.950805
0.613244
0.086538
0.394821
0.740837
0.275056
0.465784
0.537777
0.777245
0.517396
0.673488
0.024844
0.066100
0.470467
0.851668
0.524479
0.582071
0.250779
0.663017
0.448305
0.078144
0.324619
0.484986
0.943765
0.880212
0.021228
0.193901
0.702377
0.803476
0.812111
0.259699
0.754280
0.425355
0.346238
0.149102
0.166192
0.621294
0.614886
0.703969
0.398538
0.132282
0.377457
0.423382
0.198382
0.847924
0.275050
0.722861
0.429995
0.525829
0.385878
0.878299
0.603974
0.710498
0.363285
0.547738
0.590710
0.384513
0.741639
0.293087
0.187989
0.553750
0.552786
0.942270
0.979105
0.899023
0.091371
0.145297
0.520317
0.706257
0.849266
0.918855
0.838539
0.226723
0.342238
0.036921
0.074647
0.617288
0.759782
0.504642
0.143117
0.145660
0.382941
0.747091
0.856158
0.746226
0.294829
0.446868
0.130740
0.036468
0.739955
0.318729
0.590218
0.292741
0.260999
0.569324
0.191764
0.352370
0.714621
0.712081
0.058627
0.563888
0.630936
0.897166
0.790610
0.973174
0.934087
0.865257
0.590462
0.693869
0.369899
0.733579
0.839529
0.752840
0.480671
0.695687
0.499066
0.775500
0.142555
0.629806
0.811968
0.882510
0.948535
0.402187
0.175251
0.209533
0.971511
0.367015
0.561903
0.686132
0.079096
0.620530
0.250020
0.710032
0.517696
0.040630
0.683206
0.451783
0.905887
0.273669
0.145651
0.275787
0.007248
0.985181
0.028627
0.487919
0.680868
0.527693
0.263419
0.823423
0.157499
0.075387
0.705933
0.106033
0.477573
0.881184
0.315566
0.449084
0.248199
0.877469
0.135216
0.327295
0.497998
0.385235
0.037327
0.015694
0.425865
0.720533
0.467477
0.331753
0.994202
0.613128
0.607539
0.001450
0.598309
0.636166
0.489369
0.279177
0.163859
0.752787
0.102600
0.321357
0.828174
0.808533
0.427390
0.305747
0.689717
0.742956
0.754831
0.937915
0.620425
0.890047
0.265210
0.118424
0.275282
0.302537
0.134118
0.701148
0.023070
0.601594
0.032900
0.017272
0.214722
0.640440
0.018722
0.813031
0.276606
0.508091
0.092207
0.440464
0.260878
0.194807
0.761821
0.089052
0.003340
0.189211
0.394799
0.693057
0.932168
0.149630
0.630972
0.552593
0.039677
0.896182
0.671017
0.314960
0.198719
0.805134
0.016107
0.221789
0.406728
0.049008
0.239061
0.621451
0.689447
0.257784
0.434481
0.966053
0.765875
0.526689
0.406517
0.026752
0.721496
0.168338
0.115804
0.724836
0.357550
0.510604
0.417893
0.289717
0.660234
0.048865
0.842310
0.699911
0.945047
0.513327
0.014871
0.143766
0.318461
0.030978
0.365555
0.725189
0.079986
0.604617
0.346640
0.769433
0.862400
0.781121
0.735486
0.628275
0.307810
0.142003
0.655027
0.029306
0.310342
0.770832
0.754143
0.667891
0.281435
0.172036
0.957609
0.941669
0.220901
0.799919
0.641580
0.165948
0.313245
0.656451
0.309714
0.631706
0.687429
0.675270
0.356895
0.767415
0.279887
0.703535
0.536848
0.142287
0.484657
0.272335
0.770562
0.792467
0.414338
0.425589
0.821773
0.724680
0.196421
0.575916
0.392571
0.477857
0.747951
0.350180
0.419526
0.968852
0.150098
0.061106
0.134800
0.463343
0.717557
0.444515
0.095050
0.404986
0.119784
0.451945
0.172401
0.399671
0.155480
0.709249
0.541958
0.640137
0.981584
0.312520
0.432604
0.395922
0.738109
0.254377
0.120602
0.934531
0.830293
0.513172
0.412387
0.578244
0.863352
0.831913
0.547096
0.013450
0.893019
0.681896
0.476794
0.610577
0.126411
0.571843
0.015563
0.246195
0.023788
0.187964
0.645866
0.179268
0.897213
0.187824
0.819405
0.878797
0.500344
0.252009
0.274719
0.238453
0.506385
0.395321
0.172984
0.336678
0.908493
0.585371
0.914922
0.771845
0.417284
0.462018
0.785295
0.310304
0.143915
0.262089
0.920880
0.270326
0.833932
0.936443
0.516521
0.857720
0.124407
0.162387
0.036988
0.021621
0.350211
0.856393
0.900418
0.850555
0.108402
0.175137
0.089008
0.614787
0.570458
0.261992
0.951465
0.478951
0.847364
0.866387
0.250797
0.264648
0.328405
0.036092
0.574952
0.472319
0.298181
0.495832
0.742645
0.132113
0.432275
0.259166
0.989834
0.556683
0.421553
0.026822
0.578303
0.771765
0.883215
0.478721
0.622320
0.991617
0.653858
0.711329
0.606404
0.224316
0.973321
0.557869
0.703268
0.820684
0.424256
0.954064
0.085332
0.752661
0.990156
0.660284
0.224980
0.288337
0.156116
0.967625
0.420451
0.588392
0.226791
0.410284
0.145074
0.648345
0.437106
0.723378
0.420110
0.320321
0.202099
0.042430
0.311938
0.855957
0.753759
0.918342
0.080273
0.727080
0.476212
0.783541
0.547764
0.900468
0.737605
0.633096
0.653128
0.727761
0.293381
0.878109
0.016098
0.449497
0.845734
0.436549
0.037889
0.072526
0.846833
0.182963
0.720870
0.283939
0.906341
0.140980
0.604260
0.108439
0.183410
0.916198
0.964396
0.937169
0.834540
0.044669
0.664248
0.310752
0.828210
0.212012
0.211219
0.565814
0.845109
0.864348
0.293575
0.138489
0.742457
0.309673
0.587986
0.588191
0.746222
0.625875
0.660716
0.593054
0.808838
0.381587
0.876993
0.715179
0.522567
0.481253
0.823618
0.705977
0.397451
0.788014
0.643146
0.231991
0.832683
0.307394
0.542743
0.660892
0.519407
0.753962
0.226707
0.364515
0.618310
0.520282
0.503005
0.360767
0.829955
0.090991
0.948957
0.576177
0.716866
0.609674
0.169232
0.525704
0.991260
0.046225
0.240883
0.513827
0.527478
0.064500
0.219804
0.924928
0.852514
0.862950
0.156920
0.685197
0.170345
0.699663
0.346089
0.689751
0.453625
0.572796
0.054267
0.071936
0.093078
0.557271
0.432702
0.923034
0.648262
0.381660
0.499211
0.365128
0.991333
0.668443
0.890832
0.982594
0.714667
0.131715
0.496421
0.242145
0.196215
0.716225
0.167073
0.048729
0.579175
0.323993
0.733926
0.749520
0.023656
0.080015
0.439271
0.477281
0.652811
0.493538
0.549217
0.745890
0.050809
0.981919
0.668923
0.699072
0.363579
0.168134
0.064200
0.354912
0.836577
0.955033
0.337506
0.551245
0.086748
0.833927
0.793390
0.282963
0.550152
0.960463
0.331693
0.129327
0.284456
0.065619
0.878847
0.308112
0.145634
0.318118
0.785393
0.798445
0.811656
0.334610
0.544335
0.862466
0.316529
0.213258
0.561538
0.680107
0.381392
0.625738
0.035019
0.217969
0.580771
0.372525
0.769214
0.667519
0.206452
0.562604
0.950482
0.756604
0.523067
0.282175
0.885931
0.807523
0.347794
0.764778
0.115635
0.493427
0.082896
0.901028
0.291872
0.894553
0.235637
0.836207
0.757019
0.552166
0.049465
0.318556
0.232273
0.430858
0.944295
0.267292
0.648827
0.525066
0.639818
0.418041
0.192585
0.846269
0.980645
0.143067
0.602873
0.503711
0.425242
0.488803
0.311234
0.773036
0.253581
0.426868
0.266463
0.336478
0.327896
0.558336
0.231030
0.563533
0.394543
0.988049
0.115699
0.444008
0.306606
0.347972
0.874865
0.250900
0.615264
0.523693
0.775966
0.255082
0.941734
0.968551
0.101351
0.922378
0.111619
0.704224
0.426089
0.536861
0.193027
0.737323
0.309897
0.446609
0.164191
0.576360
0.783086
0.492087
0.134696
0.014117
0.055620
0.529238
0.002166
0.171319
0.973246
0.308772
0.519291
0.848112
0.559672
0.134555
0.371804
0.335638
0.389637
0.313538
0.304189
0.490988
0.235916
0.415808
0.195212
0.662005
0.952669
0.388240
0.399328
0.262566
0.834848
0.563519
0.838926
0.617935
0.055605
0.973621
0.632052
0.111225
0.502860
0.634218
0.282544
0.476106
0.942989
0.801835
0.324218
0.502661
0.936390
0.696022
0.838299
0.326027
0.009560
0.142488
0.817016
0.245476
0.558296
0.012228
0.907481
0.510964
0.400467
0.306809
0.773530
0.235316
0.870327
0.612456
0.853251
0.925933
0.586077
0.485302
0.037158
0.088937
0.119520
0.319702
0.565043
0.062509
0.121537
0.889261
0.565170
0.057927
0.585283
0.403469
0.383954
0.594844
0.545957
0.200970
0.840320
0.104253
0.213198
0.747801
0.615217
0.613665
0.054610
0.388747
0.848981
0.924937
0.001203
0.702232
0.850870
0.587280
0.187534
0.888028
0.676217
0.307054
0.207730
0.241260
0.369564
0.329267
0.130521
0.934734
0.387195
0.715804
0.338203
0.771149
0.310648
0.884160
0.972119
0.150968
0.988413
0.185317
0.898769
0.603630
0.798982
0.953379
0.992377
0.647963
0.878317
0.993580
0.350195
0.729187
0.580860
0.537730
0.617215
0.257077
0.844784
0.824945
0.498336
0.214348
0.154212
0.628857
0.149081
0.541407
0.344662
0.487284
0.312556
0.655310
0.371444
0.284675
0.806278
0.359856
0.469992
0.705048
0.963486
0.268974
0.658427
0.955863
0.916937
0.536743
0.949443
0.267132
0.265930
0.530303
0.804862
0.883145
0.787379
0.649646
0.708090
0.285716
0.863993
0.862302
0.914573
0.013074
0.403709
0.259235
0.500358
0.716264
0.914545
0.871802
0.000939
0.720824
0.231658
0.470931
0.425871
0.195144
0.739904
0.084298
0.151007
0.656841
0.621041
0.100450
0.923973
0.886971
0.630753
0.728835
0.770116
0.418133
0.378480
0.478205
0.703848
0.242473
0.340507
0.618422
0.255548
0.744216
0.877657
0.755906
0.460480
0.792202
0.627708
0.461420
0.513026
0.859366
0.932350
0.938897
0.054510
0.672255
0.023195
0.205518
0.329096
0.644236
0.305968
0.253069
0.531208
0.936721
0.981904
0.301323
0.354854
0.360384
0.779529
0.058702
0.602858
0.120036
0.677124
0.858406
0.864252
0.554781
0.614312
0.324733
0.346983
0.242020
0.786152
0.860009
0.101386
0.718503
0.798906
0.155896
0.390757
0.822101
0.361414
0.719853
0.466338
0.667382
0.972922
0.997545
0.604104
0.954826
0.298869
0.958957
0.315211
0.078398
0.017659
0.918069
0.198434
0.694783
0.776474
0.062686
0.249564
0.390786
0.387418
0.596547
0.632806
0.173571
0.456557
0.734192
0.892073
0.255463
0.890088
0.282831
0.077564
0.251502
0.002684
0.543902
0.918884
0.975606
0.541447
0.522988
0.930432
0.840316
0.481945
0.245643
0.918714
0.499605
0.163712
0.117147
0.194388
0.940186
0.179833
0.443952
0.330972
0.567252
0.040500
0.963778
0.740823
0.497056
0.697969
0.632896
0.752519
0.588057
0.915726
0.830083
0.839559
0.918410
0.373985
0.758443
0.894016
0.915432
0.281431
0.824449
0.755748
0.763377
0.070092
0.674462
0.262981
0.233804
0.791609
0.457370
0.173990
0.971443
0.901322
0.504962
0.538694
0.941822
0.468739
0.279517
0.438878
0.166708
0.912413
0.191397
0.754765
0.828139
0.021480
0.594324
0.746549
0.395465
0.352768
0.640566
0.310898
0.634199
0.465014
0.066646
0.397576
0.535106
0.741108
0.660557
0.768910
0.532717
0.117927
0.942900
0.504160
0.019249
0.447861
0.042854
0.961071
0.916601
0.322371
0.399949
0.083309
0.234784
0.591346
0.838074
0.062923
0.612826
0.432398
0.809473
0.008292
0.785166
0.450039
0.319189
0.419365
0.915053
0.385835
0.816940
0.450159
0.126943
0.477497
0.219070
0.659660
0.595424
0.161969
0.163820
0.614673
0.609831
0.206675
0.575743
0.526432
0.529046
0.975692
0.609740
0.763830
0.567038
0.447814
0.826754
0.179864
0.880212
0.636227
0.188156
0.665378
0.086265
0.507345
0.084742
0.001318
0.893180
0.901682
0.451478
0.020123
0.379180
0.670547
0.679784
0.974604
0.832517
0.843604
0.589277
0.442348
0.050279
0.165021
0.968779
0.579325
0.140713
0.578520
0.343155
0.707751
0.026334
0.169909
0.887615
0.906546
0.806136
0.075770
0.571924
0.892401
0.583115
0.656666
0.893719
0.476296
0.558348
0.345197
0.496419
0.937528
0.015744
0.176203
0.912132
0.848261
0.019807
0.501409
0.290608
0.070086
0.666430
0.259388
0.649411
0.807143
0.837907
0.992566
0.514893
0.864241
0.162476
0.402508
0.770787
0.968612
0.478278
0.342710
0.861013
0.061394
0.999376
0.754732
0.537689
0.557724
0.099929
0.034108
0.495252
0.115673
0.210311
0.407384
0.963934
0.230118
0.908794
0.254542
0.300203
0.575224
0.513930
0.949614
0.382366
0.351837
0.942180
0.897259
0.216078
0.104656
0.299767
0.986864
0.073268
0.778045
0.329574
0.934280
0.839439
0.328950
0.689012
0.377128
0.886674
0.788941
0.411236
0.381926
0.904614
0.621547
0.789311
0.868548
0.851664
0.698105
0.123091
0.151868
0.273328
0.637021
0.101482
0.655695
0.988857
0.043662
0.552954
0.204935
0.148318
0.852721
0.191799
0.221585
0.630767
0.521373
0.155866
0.470206
0.850323
0.844878
0.847334
0.736997
0.633819
0.258570
0.118924
0.538434
0.880117
0.908235
0.406982
0.731781
0.606339
0.530073
0.883649
0.879667
0.167093
0.985130
0.535362
0.155951
0.028792
0.088316
0.360886
0.177110
0.941037
0.552685
0.398696
0.571804
0.074058
0.554561
0.042009
0.924381
0.399439
0.889343
0.661379
0.033259
0.147913
0.780303
0.571692
0.028030
0.688537
0.978675
0.759811
0.294876
0.508747
0.643460
0.174544
0.675841
0.628590
0.709906
0.831792
0.657382
0.798222
0.192677
0.834493
0.739259
0.745362
0.233188
0.311063
0.819420
0.787750
0.353072
0.743802
0.187189
0.242415
0.405181
0.220447
0.390328
0.185483
0.792140
0.418358
0.874021
0.770814
0.178168
0.168897
0.279562
0.821628
0.343441
0.955403
0.450218
0.053347
0.787194
0.107600
0.851569
0.979871
0.942093
0.590828
0.725233
0.175281
0.901891
0.544653
0.963031
0.254963
0.288455
0.150220
0.497378
0.693635
0.370667
0.887706
0.879119
0.162807
0.306064
0.753139
0.933622
0.484232
0.922036
0.213184
0.305860
0.265477
0.168586
0.756078
0.318824
0.955780
0.863678
0.170393
0.935652
0.805772
0.761221
0.660885
0.981053
0.663112
0.205538
0.944084
0.918075
0.493993
0.094304
0.415453
0.187628
0.464972
0.303159
0.066747
0.627779
0.609223
0.819886
0.561401
0.093455
0.741922
0.774584
0.399315
0.007399
0.943170
0.155393
0.326223
0.898951
0.019071
0.496616
0.834602
0.824843
0.257836
0.495487
0.805896
0.920948
0.701026
0.749980
0.839023
0.195019
0.844284
0.254476
0.382647
0.309255
0.557635
0.449394
0.937034
0.166858
0.269280
0.498435
0.260313
0.011203
0.273019
0.659627
0.018602
0.216190
0.815020
0.344825
0.115140
0.834091
0.841441
0.949743
0.658934
0.099277
0.445230
0.464829
0.020225
0.146256
0.214809
0.859248
0.341274
0.059093
0.113724
0.723921
0.368348
0.671359
0.173316
0.305382
0.838217
0.442596
0.803817
0.098530
0.453799
0.076836
0.758157
0.472401
0.293026
0.573177
0.817226
0.408166
0.407268
0.658666
0.357909
0.066202
0.757943
0.803139
0.531031
0.778168
0.949395
0.745840
0.637417
0.290669
0.804933
0.751141
0.014590
0.173281
0.422500
0.187906
0.478663
0.260717
0.630502
0.282480
0.359247
0.084301
0.359316
0.117404
0.556701
0.652342
0.690582
0.373927
0.060508
0.097850
0.032593
0.418417
0.164052
0.790537
0.221556
0.695083
0.568705
0.170951
0.440924
0.206122
0.461620
0.245857
0.957263
0.476210
0.419138
0.379763
0.664116
0.897801
0.640480
0.294618
0.180281
0.999727
0.378919
0.539597
0.117132
0.935620
0.191939
0.807713
0.309547
0.252447
0.905563
0.342140
0.670864
0.069615
0.132677
0.892420
0.764698
0.701382
0.063371
0.205622
0.907503
0.524990
0.451479
0.864766
0.001200
0.870617
0.244528
0.665316
0.768418
0.885008
0.959934
0.948699
0.884736
0.338852
0.488297
0.001867
0.274472
0.680236
0.809580
0.584019
0.932683
0.715143
0.926159
0.603547
0.784758
0.058836
0.495967
0.549456
0.760218
0.559338
0.755079
0.667721
0.084328
0.206557
0.532487
0.085528
0.077174
0.777015
0.750844
0.845592
0.662024
0.710778
0.794292
0.546759
0.049631
0.282588
0.548626
0.324103
0.962825
0.358207
0.908122
0.895508
0.073350
0.834282
0.499055
0.858108
0.893118
0.995023
0.407564
0.653335
0.554361
0.162643
0.321056
0.638689
0.369200
0.853543
0.724217
0.446375
0.630558
0.475061
0.291967
0.292581
0.185839
0.086259
0.839340
0.235470
0.368847
0.387967
0.559572
0.331672
0.746173
0.467695
0.227180
0.819523
0.301976
0.726235
0.677631
0.195094
0.721258
0.085196
0.848429
0.275618
0.247839
0.169485
0.914307
0.617039
0.023027
0.638524
0.063414
0.653585
0.113584
0.355381
0.946166
0.299423
0.441640
0.785507
0.534893
0.810487
0.173473
0.094465
0.142159
0.919647
0.562160
0.369338
0.739170
0.864136
0.095573
0.416801
0.059230
0.816831
0.501997
0.907659
0.092449
0.749836
0.077144
0.006756
0.366875
0.100171
0.645279
0.430289
0.753756
0.758863
0.785670
0.699922
0.058287
0.227309
0.485429
0.593180
0.037796
0.658902
0.687645
0.179955
0.578549
0.249805
0.549293
0.317719
0.113941
0.644866
0.734520
0.173172
0.461697
0.236517
0.080831
0.554146
0.986352
0.157974
0.560901
0.353227
0.258146
0.206180
0.783516
0.011901
0.965044
0.569185
0.711824
0.023330
0.796494
0.197252
0.616510
0.834291
0.856154
0.304155
0.014245
0.434702
0.553960
0.563538
0.752421
0.667902
0.208404
0.486941
0.841074
0.670101
0.723457
0.921904
0.224247
0.709810
0.079879
0.785148
0.063037
0.338024
0.991328
0.846552
0.349926
0.956372
0.415737
0.061749
0.979702
0.212232
0.259001
0.596212
0.046522
0.115155
0.900367
0.060768
0.549858
0.454328
0.624306
0.302279
0.122230
0.832711
0.789219
0.963303
0.502812
0.512677
0.885207
0.727059
0.222487
0.965086
0.512206
0.285523
0.303110
0.503534
0.132076
0.653036
0.459906
0.547813
0.714785
0.439608
0.760045
0.973787
0.035820
0.806567
0.088942
0.936188
0.867335
0.638799
0.390516
0.491641
0.941078
0.512745
0.324352
0.730297
0.476049
0.827164
0.242974
0.361256
0.554222
0.465461
0.326342
0.066429
0.750984
0.629453
0.569963
0.883060
0.282489
0.029869
0.430873
0.997274
0.469477
0.190918
0.971060
0.505297
0.997485
0.060002
0.441485
0.864820
0.698801
0.832001
0.356461
0.639879
0.344746
0.680813
0.370176
0.820795
0.507977
0.613150
0.182051
0.062199
0.078611
0.508393
0.128628
0.829595
0.137846
0.698590
0.712654
0.420334
0.728459
0.143527
0.417608
0.197936
0.334445
0.388668
0.703233
0.331930
0.448670
0.144718
0.196751
0.147472
0.976719
0.553212
0.787351
0.321465
0.234025
0.157527
0.142260
0.742002
0.770677
0.324311
0.804201
0.849288
0.832704
0.932829
0.678883
0.970549
0.631419
0.391537
0.390883
0.359879
0.535065
0.808491
0.557815
0.869510
0.197159
0.261048
0.201440
0.645830
0.405767
0.398191
0.793301
0.382486
0.951403
0.580652
0.703951
0.185428
0.738179
0.846211
0.927431
0.508857
0.170521
0.731632
0.358145
0.003225
0.664461
0.037028
0.973774
0.295880
0.428565
0.364657
0.655758
0.963630
0.173148
0.213573
0.833140
0.370307
0.474621
0.034580
0.016137
0.880388
0.432771
0.809438
0.262873
0.384173
0.390090
0.966824
0.569602
0.128270
0.813035
0.497032
0.637126
0.983556
0.228664
0.995271
0.986781
0.893125
0.032299
0.960554
0.189004
0.460864
0.325211
0.844763
0.424494
0.498359
0.058336
0.257634
0.868666
0.532957
0.292213
0.884803
0.413345
0.724984
0.694241
0.676218
0.109157
0.084332
0.643043
0.678759
0.212601
0.456078
0.175791
0.849727
0.439634
0.404455
0.844999
0.426414
0.297580
0.877298
0.386969
0.486585
0.338162
0.712180
0.331347
0.762656
0.210539
0.389683
0.020289
0.079205
0.922640
0.312503
0.964008
0.335985
0.037486
0.658249
0.012204
0.146644
0.742581
0.655246
0.825403
0.955182
0.111324
0.001194
0.804909
0.550957
0.405650
0.649908
0.977372
0.703230
0.527205
0.364340
0.189814
0.865367
0.076520
0.521162
0.628023
0.287059
0.910845
0.648312
0.366263
0.833485
0.960815
0.330271
0.169470
0.998301
0.988520
0.181674
0.144945
0.731101
0.836920
0.970348
0.686282
0.948244
0.971542
0.491192
0.499202
0.377192
0.141099
0.476573
0.080421
0.668305
0.840914
0.270236
0.533672
0.917433
0.791397
0.161694
0.204492
0.702242
0.810006
0.570755
0.535727
0.770821
0.901026
0.705198
0.769122
0.889546
0.886872
0.914066
0.620647
0.723792
0.884414
0.306930
0.672036
0.855956
0.798121
0.171238
0.233148
0.939221
0.647811
0.313569
0.607525
0.488725
0.583805
0.141197
0.406158
0.375202
0.302891
0.610650
0.077444
0.112898
0.181405
0.613172
0.883718
0.082432
0.318370
0.652840
0.971978
0.205241
0.566907
0.592625
0.929033
0.451321
0.899555
0.601070
0.307277
0.697676
0.772308
0.540424
0.636897
0.420119
0.853993
0.244422
0.908844
0.437798
0.385619
0.315002
0.813000
0.688511
0.925652
0.890445
0.801408
0.107058
0.503617
0.685127
0.189490
0.821986
0.337967
0.161468
0.027227
0.904873
0.754093
0.956261
0.356194
0.653648
0.557330
0.663470
0.351324
0.329638
0.203895
0.988220
0.749757
0.057888
0.232642
0.658600
0.495686
0.618262
0.973603
0.308686
0.306772
0.899255
0.199131
0.108180
0.006313
0.702748
0.793307
0.195802
0.524734
0.131274
0.357270
0.551961
0.036147
0.111363
0.508222
0.392340
0.765011
0.065552
0.055811
0.116334
0.395190
0.259705
0.104554
0.144946
0.317593
0.337197
0.803547
0.813279
0.955459
0.777149
0.121966
0.262231
0.676404
0.321097
0.370411
0.682717
0.023844
0.163718
0.878519
0.548578
0.294992
0.235789
0.100539
0.331139
0.347152
0.608760
0.723479
0.112163
0.674312
0.779290
0.228497
0.069502
0.038995
0.333051
0.214448
0.356589
0.670248
0.017995
0.169868
0.625707
0.795145
0.291834
0.887938
0.471549
0.612930
0.258349
0.154266
0.636775
0.422067
0.032785
0.185353
0.717059
0.268575
0.285891
0.048198
0.615727
0.894652
0.771677
0.727889
0.568964
0.550967
0.956386
0.638466
0.589962
0.289437
0.852914
0.946550
0.959685
0.870910
0.116418
0.585392
0.666055
0.408252
0.473329
0.137604
0.021182
0.731678
0.291870
0.657957
0.153745
0.324655
0.843310
0.870804
0.593230
0.129201
0.919002
0.208956
0.023853
0.690679
0.936845
0.592817
0.241645
0.893231
0.231283
0.831607
0.182668
0.084197
0.778158
0.142353
0.955107
0.894576
0.727745
0.621162
0.302828
0.201074
0.758765
0.324011
0.932752
0.050635
0.981968
0.086498
0.375290
0.825278
0.957302
0.968520
0.954479
0.876304
0.177476
0.978332
0.566983
0.114321
0.571149
0.808628
0.007552
0.802432
0.640235
0.190220
0.886629
0.418393
0.332574
0.841736
0.312969
0.060319
0.462898
0.615797
0.261393
0.221663
0.939808
0.194145
0.272298
0.921776
0.280643
0.647589
0.747053
0.237945
0.616108
0.701532
0.114249
0.793584
0.679864
0.681231
0.907906
0.251012
0.489859
0.915458
0.053444
0.130094
0.105678
0.940073
0.548487
0.438252
0.781810
0.861456
0.498570
0.244708
0.477253
0.759963
0.466371
0.417061
0.954109
0.738669
0.338837
0.234752
0.386258
0.085890
0.472697
0.002366
0.787422
0.586946
0.795951
0.467285
0.268177
0.703856
0.718298
0.758036
0.619314
0.771742
0.888131
0.724993
0.711815
0.436618
0.163245
0.493625
0.298074
0.661815
0.738333
0.775327
0.421778
0.204704
0.192388
0.375887
0.943374
0.531225
0.610639
0.329632
0.617115
0.083336
0.331998
0.404537
0.670282
0.127949
0.871822
0.938459
0.831805
0.590119
0.696495
0.451120
0.361861
0.584626
0.176112
0.073676
0.021243
0.339357
0.567302
0.319317
0.001172
0.305635
0.094644
0.422950
0.510339
0.287033
0.798838
0.453713
0.818258
0.409476
0.783344
0.435373
0.492812
0.115342
0.839909
0.163094
0.243291
0.711731
0.101552
0.075096
0.301850
0.798048
0.526216
0.663712
0.382673
0.702328
0.737388
0.403917
0.041685
0.304690
0.723234
0.042857
0.610324
0.817878
0.465808
0.120663
0.104911
0.264645
0.574376
0.923169
0.674122
0.357720
0.358542
0.166934
0.473062
0.198451
0.330028
0.716354
0.910182
0.431580
0.791450
0.212032
0.229628
0.317666
0.875744
0.612301
0.019995
0.613132
0.016218
0.061680
0.917821
0.739452
0.104537
0.528146
0.557330
0.570345
0.648809
0.662241
0.834990
0.223185
0.585410
0.509112
0.580905
0.943952
0.676046
0.053967
0.142402
0.006074
0.770321
0.052584
0.437654
0.561771
0.264617
0.667282
0.879437
0.140360
0.279583
0.899431
0.753492
0.295801
0.961111
0.671314
0.035252
0.065648
0.199460
0.592582
0.635993
0.848268
0.254823
0.470983
0.071453
0.840233
0.980095
0.652358
0.784185
0.656141
0.706325
0.926587
0.662215
0.476645
0.979171
0.099869
0.038416
0.243788
0.767151
0.917853
0.384149
0.046734
0.817284
0.137641
0.342535
0.778395
0.808955
0.377787
0.844043
0.008414
0.970369
0.480036
0.856683
0.225192
0.951020
0.928136
0.065425
0.931115
0.580494
0.849609
0.587256
0.286819
0.776196
0.249471
0.763464
0.755368
0.349340
0.801880
0.999156
0.116491
0.719733
0.383304
0.163225
0.537017
0.520945
0.505760
0.315412
0.329900
0.883547
0.159455
0.338314
0.853916
0.639492
0.194997
0.079108
0.590511
0.123133
0.144533
0.521626
0.703626
0.994142
0.108883
0.990445
0.770338
0.358354
0.753909
0.525706
0.707694
0.555789
0.524862
0.824185
0.275522
0.908167
0.987410
0.812539
0.429112
0.493170
0.127951
0.759012
0.376717
0.287407
0.097326
0.230633
0.926898
0.292323
0.309740
0.517410
0.415456
0.454273
0.039036
0.119082
0.448415
0.147919
0.109527
0.218753
0.506272
0.863436
0.744460
0.213966
0.419226
0.269322
0.038151
0.694748
0.177488
0.025561
0.507288
0.606600
0.518731
0.635239
0.365612
0.895448
0.922645
0.462939
0.126081
0.849544
0.755262
0.435821
0.366954
0.170717
0.890094
0.405990
0.289799
0.338508
0.553908
0.399327
0.557261
0.060181
0.262763
0.301721
0.274146
0.681989
0.571043
0.312297
0.376737
0.748531
0.337858
0.884025
0.355132
0.856589
0.519264
0.720744
0.752037
0.441909
0.183683
0.878118
0.291453
0.938944
0.313939
0.658406
0.109662
0.204032
0.064396
0.399461
0.542540
0.618304
0.798788
0.099802
0.678485
0.061551
0.401523
0.952631
0.743540
0.972566
0.264929
0.120277
0.721097
0.602787
0.004301
0.076229
0.459376
0.523565
0.796973
0.211413
0.965474
0.980656
0.089531
0.256927
0.919600
0.403470
0.915333
0.029262
0.607502
0.979729
0.428723
0.150042
0.598033
0.227511
0.249844
0.276518
0.289061
0.651367
0.229149
0.032601
0.623933
0.494078
0.152878
0.345030
0.096865
0.157179
0.421259
0.556241
0.680744
0.218232
0.767654
0.646218
0.198888
0.857186
0.903145
0.118488
0.260656
0.818478
0.147750
0.868158
0.798207
0.576473
0.018200
0.396240
0.803984
0.268045
0.672758
0.093045
0.919412
0.901907
0.125646
0.543345
0.395985
0.278524
0.888375
0.492850
0.435703
0.309634
0.049091
0.116447
0.527866
0.816745
0.762665
0.726754
0.673931
0.665810
0.845242
0.934586
0.484288
0.992992
0.802744
0.282495
0.569466
0.820944
0.678734
0.373449
0.088989
0.351492
0.466495
0.008401
0.253399
0.592141
0.551746
0.649384
0.870665
0.440121
0.142234
0.306368
0.749755
0.191325
0.422815
0.277621
0.008070
0.185480
0.004375
0.682001
0.851290
0.849617
0.616587
0.335578
0.842609
0.419331
0.618072
0.412075
0.240276
0.296807
0.785524
0.329265
0.648299
0.252019
0.337666
0.901699
0.844159
0.889411
0.551083
0.714824
0.329532
0.693317
0.021192
0.079287
0.884642
0.444006
0.356908
0.892712
0.629487
0.361283
0.574713
0.480777
0.210899
0.191300
0.816355
0.053509
0.610631
0.434427
0.465583
0.850907
0.731234
0.251107
0.180172
0.379533
0.503126
0.517837
0.281232
0.347285
0.407249
0.832315
0.062109
0.736781
0.525633
0.083301
0.816068
0.410275
0.527307
0.172976
0.302987
0.156794
0.534259
0.877700
0.637570
0.745158
0.069000
0.453925
0.798667
0.679631
0.888352
0.264250
0.530538
0.619586
0.515357
0.710710
0.999120
0.018483
0.228547
0.280352
0.365768
0.635796
0.112667
0.427877
0.372577
0.638300
0.511177
0.188645
0.048575
0.038484
0.361622
0.351562
0.195278
0.895880
0.229262
0.832848
0.641038
0.298262
0.286773
0.439705
0.977893
0.175126
0.703954
0.508431
0.794712
0.219311
0.219141
0.793832
0.237794
0.447688
0.074184
0.603562
0.083484
0.186851
0.031439
0.456061
0.825151
0.542616
0.644707
0.873726
0.581101
0.006328
0.225288
0.776379
0.902208
0.454550
0.609227
0.543247
0.752812
0.896000
0.982951
0.730705
0.071126
0.686906
0.239136
0.865838
0.906217
0.458276
0.659670
0.144011
0.905964
0.733853
0.747574
0.989449
0.920704
0.779012
0.445510
0.745855
0.321629
0.090216
0.619580
0.902729
0.096545
0.844868
0.679108
0.998753
0.299418
0.288335
0.542000
0.052229
0.184335
0.524951
0.782934
0.255461
0.211857
0.022070
0.121299
0.118074
0.480346
0.780969
0.262086
0.386310
0.514822
0.009659
0.375759
0.435526
0.788672
0.821269
0.181380
0.110300
0.911485
0.800960
0.013030
0.008030
0.645828
0.692138
0.006783
0.945246
0.980473
0.548783
0.997476
0.164808
0.073734
0.780410
0.420269
0.285591
0.802479
0.541569
0.403665
0.282825
0.322537
0.665751
0.669136
0.837359
0.675411
0.044895
0.272885
0.464082
0.866163
0.454265
0.574383
0.777648
0.255225
0.587413
0.785678
0.901054
0.279550
0.792461
0.846300
0.260023
0.341243
0.843776
0.424831
0.414977
0.624186
0.845101
0.700568
0.426665
0.386669
0.104234
0.709490
0.709207
0.769985
0.378626
0.546566
0.445395
0.423521
0.819451
0.909478
0.289684
0.273715
0.483861
0.067332
0.528941
0.071273
0.853010
0.429994
0.350824
0.645471
0.276294
0.610847
0.986714
0.120070
0.035678
0.401692
0.744256
0.880779
0.102260
0.170921
0.267449
0.206494
0.880411
0.976655
0.976479
0.259037
0.523221
0.421874
0.682557
0.342672
0.331352
0.972241
0.616388
0.815213
0.039573
0.145328
0.886486
0.892584
0.575322
0.237310
0.538055
0.851617
0.848157
0.524769
0.971687
0.883835
0.926461
0.715942
0.764614
0.028721
0.886863
0.032063
0.235215
0.767274
0.008718
0.211694
0.026310
0.531940
0.633568
0.708868
0.874612
0.964920
0.681109
0.491000
0.780133
0.720682
0.636328
0.666619
0.613266
0.211650
0.903929
0.151321
0.063267
0.752086
0.676090
0.034954
0.635921
0.602551
0.750896
0.400535
0.631272
0.637759
0.432598
0.866487
0.405033
0.441316
0.078181
0.431343
0.973256
0.711748
0.140211
0.847868
0.676668
0.821320
0.338868
0.456801
0.542002
0.975196
0.123420
0.155268
0.186846
0.027349
0.306589
0.250113
0.779434
0.982679
0.285067
0.415355
0.585230
0.035963
0.815890
0.216502
0.673722
0.248488
0.082989
0.078755
0.689805
0.161169
0.510098
0.663061
0.872918
0.650309
0.510929
0.549586
0.471629
0.849797
0.006387
0.013631
0.824993
0.129807
0.168899
0.011839
0.157155
0.475488
0.261952
0.936590
0.458167
0.547019
0.351945
0.043397
0.582982
0.167835
0.259898
0.256705
0.416323
0.342887
0.335460
0.106128
0.504056
0.845558
0.769188
0.376974
0.495867
0.280117
0.926560
0.967496
0.129914
0.932947
0.981127
0.954907
0.062753
0.150026
0.966746
0.219909
0.625515
0.228698
0.156498
0.083682
0.775718
0.508443
0.127079
0.358700
0.676277
0.386977
0.615405
0.092600
0.729864
0.950865
0.198728
0.233920
0.796422
0.967916
0.610894
0.292289
0.248034
0.537453
0.259785
0.377948
0.470400
0.240912
0.332855
0.533153
0.390939
0.299602
0.753062
0.016453
0.528300
0.909560
0.100135
0.304017
0.418003
0.227214
0.662717
0.094280
0.614191
0.278122
0.186880
0.344055
0.228987
0.385608
0.577975
0.025409
0.353524
0.188869
0.317698
0.601558
0.726322
0.577484
0.979506
0.196722
0.818396
0.312361
0.729875
0.209334
0.611963
0.482937
0.225788
0.140263
0.392496
0.325923
0.444280
0.810499
0.553137
0.106997
0.904779
0.167328
0.385119
0.091659
0.511383
0.614106
0.477267
0.089358
0.639515
0.830791
0.278226
0.957213
0.432349
0.004548
0.534697
0.411855
0.201270
0.353093
0.724216
0.931145
0.562427
0.336179
0.414081
0.788215
0.476442
0.806578
0.114138
0.920722
0.617077
0.667275
0.027719
0.521856
0.834603
0.412838
0.613515
0.345985
0.026944
0.090782
0.435343
0.666458
0.921573
0.713569
0.623672
0.353923
0.718117
0.158368
0.765778
0.919387
0.511461
0.489994
0.850532
0.073889
0.826173
0.264614
0.862104
0.302615
0.071191
0.976242
0.223336
0.688268
0.643517
0.251055
0.210124
0.478119
0.663893
0.823639
0.824104
0.690836
0.914421
0.259447
0.357294
0.835995
0.973016
0.980966
0.189917
0.691133
0.139334
0.955695
0.610520
0.650796
0.445689
0.461053
0.724684
0.271862
0.725666
0.586788
0.574476
0.796858
0.563030
0.797812
0.485126
0.206547
0.048867
0.695250
0.684666
0.712759
0.518889
0.508771
0.403596
0.433310
0.768218
0.760890
0.269305
0.741234
0.741856
0.459222
0.432367
0.881190
0.414917
0.042887
0.531986
0.860605
0.503940
0.256670
0.132467
0.229606
0.843459
0.706943
0.026463
0.406489
0.504755
0.511589
0.613036
0.553622
0.206839
0.297702
0.266382
0.725728
0.806472
0.669977
0.159038
0.574690
0.430867
0.428343
0.315924
0.172723
0.887565
0.748290
0.053913
0.302482
0.791178
0.585899
0.163088
0.295117
0.842569
0.295555
0.524723
0.686028
0.002498
0.551187
0.092516
0.507253
0.062776
0.705552
0.060875
0.269615
0.003254
0.327257
0.995343
0.809726
0.997234
0.154382
0.384416
0.428101
0.582725
0.700340
0.600824
0.470290
0.448630
0.654737
0.772772
0.239808
0.240636
0.935860
0.534925
0.083205
0.231415
0.059649
0.769233
0.233912
0.610835
0.861749
0.741165
0.673611
0.567301
0.802040
0.943226
0.570555
0.129297
0.938569
0.380281
0.126530
0.092950
0.764697
0.554631
0.675675
0.465037
0.155455
0.145965
0.913667
0.810192
0.918738
0.153475
0.050828
0.854598
0.688400
0.134033
0.086013
0.748049
0.903265
0.319925
0.358884
0.765014
0.061090
0.032494
0.332316
0.863130
0.975720
0.902870
0.992427
0.914289
0.283151
0.118957
0.007239
0.047848
0.673588
0.682914
0.512885
0.829043
0.828880
0.426551
0.639235
0.747618
0.580026
0.690063
0.602216
0.268426
0.824095
0.688228
0.016474
0.727360
0.008153
0.375358
0.492375
0.069243
0.407853
0.824690
0.932373
0.383573
0.727561
0.924800
0.297862
0.010712
0.043757
0.305101
0.058560
0.717345
0.988015
0.571444
0.546388
0.816895
0.997996
0.185623
0.564513
0.578022
0.875686
0.166728
0.846448
0.699781
0.854957
0.862922
0.427141
0.863110
0.238280
0.919516
0.932353
0.646133
0.744207
0.864727
0.029705
0.471768
0.789527
0.327567
0.482479
0.833284
0.632668
0.541039
0.550629
0.620683
0.112484
0.097017
0.437578
0.110479
0.282641
0.002090
0.688501
0.158327
0.168818
0.534948
0.858108
0.023775
0.397870
0.285249
0.886885
0.636151
0.204765
0.819239
0.282283
0.948972
0.683965
0.311989
0.420740
0.473492
0.639556
0.903219
0.306776
0.272223
0.444259
0.857405
0.892906
0.556742
0.954423
0.330483
0.667222
0.237063
0.332574
0.355723
0.395390
0.501392
0.890671
0.253497
0.525167
0.288541
0.538746
0.412052
0.924692
0.743512
0.231290
0.206975
0.692484
0.915256
0.518964
0.113224
0.388748
0.158520
0.016443
0.695524
0.430743
0.460702
0.552929
0.323649
0.017444
0.507352
0.654132
0.684666
0.744415
0.986706
0.040388
0.139805
0.488098
0.931059
0.393302
0.013264
0.219601
0.932049
0.425316
0.144293
0.675560
0.656607
0.351268
0.368044
0.571862
0.870232
0.481268
0.960610
0.028751
0.497711
0.656135
0.459494
0.958413
0.209064
0.783143
0.975857
0.716416
0.437275
0.660523
0.460831
0.423981
0.700912
0.600636
0.912078
0.631971
0.993938
0.925343
0.851572
0.925986
0.350659
0.995865
0.601547
0.007266
0.347133
0.969591
0.579128
0.217365
0.450859
0.539739
0.246116
0.948570
0.195873
0.705610
0.906984
0.404937
0.488753
0.882841
0.121353
0.926028
0.543364
0.582184
0.350009
0.244276
0.182819
0.262088
0.876247
0.176757
0.187430
0.727819
0.102744
0.538090
0.723683
0.704290
0.545355
0.070816
0.673881
0.124484
0.288180
0.124741
0.664222
0.534296
0.073311
0.860096
0.239906
0.980294
0.265033
0.728660
0.863135
0.386386
0.654688
0.406500
0.968569
0.004697
0.650775
0.151388
0.266784
0.527022
0.328146
0.454215
0.254841
0.430889
0.992304
0.978524
0.135180
0.537660
0.049340
0.809061
0.662143
0.337520
0.933802
0.326366
0.871817
0.007113
0.186461
0.111723
0.987407
0.451494
0.840382
0.850542
0.837879
0.495070
0.257042
0.806449
0.499767
0.907818
0.957837
0.766551
0.434840
0.285983
0.220766
0.689681
0.716872
0.213070
0.668205
0.852052
0.750730
0.717545
0.661113
0.412873
0.055066
0.594915
0.739239
0.926882
0.602028
0.925700
0.038605
0.589435
0.377194
0.878987
0.439977
0.215073
0.374057
0.697019
0.021522
0.873824
0.604837
0.979359
0.640376
0.039677
0.265342
0.861142
0.729358
0.982214
0.074212
0.397563
0.834265
0.824942
0.115108
0.495379
0.237816
0.170174
0.090294
0.977055
0.097056
0.692321
0.902755
0.135660
0.281756
0.279949
0.014648
0.721733
0.495022
0.388705
0.418752
0.516544
0.262530
0.023589
0.495903
0.902905
0.063265
0.761245
0.764047
0.792623
0.743458
0.838259
0.190186
0.577724
0.663201
0.305294
0.073103
0.901017
0.475467
0.163396
0.878071
0.572523
0.855717
0.780826
0.708183
0.137473
0.060775
0.722831
0.859206
0.555798
0.111536
0.277958
0.072342
0.374066
0.301547
0.568245
0.276971
0.364812
0.329490
0.041018
0.157435
0.072949
0.879277
0.347620
0.650672
0.542479
0.652914
0.723775
0.443496
0.128381
0.887171
0.321567
0.700904
0.742888
0.102393
0.409087
0.880361
0.163169
0.131918
0.739567
0.718966
0.243454
0.017525
0.791308
0.617520
0.319072
0.359553
0.894492
0.683883
0.689043
0.935510
0.841318
0.761992
0.814787
0.188938
0.412665
0.357266
0.841852
0.136440
0.800762
0.970233
0.023611
0.122329
0.671137
0.766499
0.224722
0.080224
0.646860
0.387891
0.212142
0.386427
0.106857
0.455596
0.403952
0.898166
0.073117
0.723024
0.257719
0.967608
0.406907
0.946762
0.903118
0.248225
0.708754
0.717905
0.437163
0.121419
0.075171
0.279016
0.257859
0.875933
0.249249
0.281469
0.998262
0.920386
0.047968
0.222985
0.000610
0.694828
0.610876
0.212752
0.081255
0.717733
0.668349
0.485207
0.615899
0.741465
0.208230
0.873618
0.709074
0.615137
0.820380
0.612192
0.863362
0.529135
0.330097
0.300526
0.650554
0.405269
0.579541
0.908412
0.281202
0.828790
0.189882
0.279464
0.749176
0.237850
0.502449
0.749786
0.932678
0.113325
0.962539
0.013932
0.831058
0.630887
0.499139
0.446957
0.372353
0.707370
0.320574
0.081427
0.322507
0.140955
0.693619
0.185870
0.670089
0.023716
0.486395
0.320643
0.428985
0.065937
0.229055
0.710187
0.894727
0.418937
0.989651
0.643903
0.656786
0.492100
0.393690
0.589464
0.605425
0.356228
0.603396
0.436483
0.987116
0.102536
0.883439
0.359469
0.809906
0.204014
0.440895
0.132413
0.344968
0.134514
0.318282
0.015058
0.158230
0.804678
0.335701
0.587215
0.870614
0.564756
0.297401
0.765341
0.983693
0.287052
0.409245
0.640479
0.779152
0.802934
0.229943
0.384577
0.159162
0.833339
0.821060
0.146278
0.935875
0.704499
0.505747
0.745781
0.908513
0.946642
0.878193
0.253481
0.081157
0.196476
0.268539
0.239386
0.001154
0.604239
0.826601
0.871768
0.168995
0.124002
0.637109
0.152688
0.411055
0.046354
0.793167
0.190207
0.849288
0.023110
0.574784
0.008450
0.856449
0.395843
0.154729
0.792324
0.100342
0.660475
0.538104
0.008855
0.607118
0.416298
0.262336
0.688274
0.612773
0.530875
0.927661
0.613927
0.135114
0.754262
0.485695
0.304110
0.878264
0.122804
0.456798
0.289319
0.169158
0.249965
0.479526
0.018446
0.273074
0.054309
0.026896
0.129523
0.450152
0.181625
0.921847
0.550495
0.842100
0.459951
0.559349
0.449218
0.876249
0.821685
0.137493
0.489023
0.352560
0.065153
0.102950
0.487674
0.819415
0.588645
0.791784
0.697680
0.711449
0.248582
0.986999
0.880607
0.498546
0.466524
0.899053
0.771621
0.520834
0.925949
0.901144
0.970986
0.107574
0.822991
0.521481
0.949674
0.282943
0.080830
0.398892
0.159192
0.902515
0.536385
0.648214
0.255076
0.601538
0.751164
0.742750
0.420954
0.339808
0.534534
0.118633
0.051257
0.783116
0.105632
0.931864
0.281663
0.572156
0.830916
0.053283
0.092990
0.756865
0.954428
0.063977
0.864439
0.777419
0.585457
0.814113
0.060361
0.666287
0.213005
0.219553
0.568803
0.749390
0.867767
0.823878
0.350928
0.618931
0.566629
0.771882
0.958739
0.101163
0.890515
0.009996
0.884279
0.996147
0.941859
0.165941
0.568303
0.772776
0.219225
0.661294
0.529641
0.173652
0.725270
0.394080
0.951071
0.310727
0.208194
0.011433
0.977015
0.421199
0.230985
0.545818
0.170589
0.098752
0.369696
0.521517
0.717683
0.936325
0.293399
0.676422
0.037488
0.183913
0.686418
0.921766
0.180060
0.628277
0.087708
0.748364
0.401053
0.306933
0.409657
0.930694
0.480585
0.134927
0.324774
0.431656
0.445655
0.532968
0.443089
0.422670
0.954167
0.674074
0.968487
0.124756
0.772827
0.338184
0.646273
0.490510
0.274509
0.939671
0.166932
0.311996
0.123585
0.853349
0.233763
0.303645
0.481626
0.321470
0.052008
0.882679
0.628403
0.461666
0.813373
0.108988
0.596593
0.138147
0.540645
0.042248
0.671115
0.983734
0.464917
0.625281
0.657808
0.433405
0.750037
0.430635
0.771588
0.396310
0.921145
0.046097
0.335981
0.088076
0.358093
0.459565
0.941426
0.591856
0.763210
0.423052
0.913326
0.815218
0.305731
0.541729
0.276884
0.119103
0.650717
0.873477
0.257250
0.191362
0.915724
0.928365
0.175096
0.380641
0.553646
0.832904
0.814046
0.303683
0.263538
0.585635
0.699993
0.184683
0.631732
0.035973
0.272760
0.989825
0.495539
0.214185
0.581680
0.258748
0.637237
0.495006
0.073967
0.942967
0.036736
0.350851
0.062071
0.687453
0.224328
0.319321
0.878815
0.140052
0.247685
0.053911
0.520693
0.801332
0.886815
0.334740
0.105015
0.150353
0.920374
0.805008
0.335036
0.552106
0.840981
0.607796
0.541930
0.336519
0.821981
0.123611
0.595268
0.459218
0.618617
0.669235
0.402185
0.655353
0.020086
0.464256
0.342806
0.244413
0.783577
0.221621
0.384465
0.031262
0.275532
0.905159
0.832593
0.162347
0.239898
0.937608
0.312700
0.160272
0.742616
0.647736
0.712378
0.583597
0.255532
0.254308
0.920116
0.077513
0.377919
0.515384
0.536731
0.996536
0.184619
0.938917
0.651889
0.204704
0.403173
0.994695
0.449117
0.186749
0.216316
0.833582
0.218011
0.491849
0.738741
0.050604
0.654195
0.978639
0.988213
0.966895
0.138911
0.730828
0.614632
0.851289
0.314425
0.870164
0.105598
0.234541
0.947677
0.483517
0.749925
0.484408
0.480053
0.934543
0.423325
0.131942
0.139247
0.826498
0.126637
0.588365
0.013247
0.342954
0.421947
0.231258
0.834803
0.160688
0.281862
0.488998
0.139327
0.270075
0.455893
0.278239
0.000903
0.070525
0.129528
0.315328
0.940689
0.235126
0.549868
0.888366
0.718642
0.299793
0.372775
0.198695
0.234336
0.796100
0.330638
0.373583
0.622597
0.457275
0.961948
0.635844
0.800229
0.383895
0.867102
0.635031
0.544583
0.148964
0.124029
0.683911
0.419039
0.579923
0.962149
0.419942
0.650448
0.091677
0.735270
0.591137
0.326803
0.285138
0.479504
0.045445
0.584931
0.852279
0.244141
0.819267
0.648379
0.574778
0.192851
0.270976
0.032053
0.154799
0.906820
0.832282
0.538694
0.773922
0.467313
0.083277
0.922886
0.591343
0.767187
0.341925
0.171266
0.729337
0.761867
0.821714
0.821014
0.497137
0.412851
0.147817
0.782275
0.892355
0.193262
0.367206
0.744634
0.437403
0.186473
0.393012
0.012181
0.379323
0.663988
0.044234
0.534122
0.570809
0.876516
0.072815
0.344731
0.343830
0.156092
0.267617
0.935173
0.923280
0.609542
0.106438
0.652616
0.371409
0.928152
0.473631
0.868546
0.341003
0.621448
0.650820
0.233358
0.814710
0.018026
0.977991
0.252113
0.204499
0.371003
0.264294
0.583822
0.034992
0.308529
0.117944
0.605800
0.185045
0.190760
0.950531
0.528875
0.346852
0.218148
0.464048
0.270132
0.827690
0.570486
0.922748
0.199099
0.498638
0.396379
0.067645
0.839640
0.017826
0.718466
0.072998
0.832536
0.736492
0.050989
0.084650
0.940991
0.421993
0.348944
0.524813
0.456984
0.657473
0.642757
0.062784
0.842518
0.833517
0.013315
0.371393
0.180369
0.231463
0.835441
0.450500
0.059153
0.405926
0.373248
0.258253
0.904564
0.769627
0.325898
0.744204
0.787453
0.044363
0.817203
0.619989
0.780855
0.868192
0.704639
0.721846
0.290185
0.053583
0.246659
0.747169
0.711056
0.889416
0.809953
0.553574
0.722933
0.823269
0.924967
0.903301
0.054732
0.760408
0.353802
0.113885
0.166334
0.727050
0.372138
0.070898
0.496677
0.698036
0.815103
0.284130
0.742399
0.632305
0.904119
0.523254
0.500497
0.608759
0.245100
0.790682
0.662342
0.491759
0.537851
0.373398
0.381175
0.347804
0.926972
0.104107
0.171073
0.851940
0.007409
0.225805
0.612348
0.361211
0.339690
0.778682
0.088261
0.711828
0.849580
0.584938
0.409864
0.664683
0.869068
0.152263
0.296989
0.773187
0.675517
0.797486
0.381946
0.920617
0.588168
0.044287
0.412376
0.126019
0.417685
0.793551
0.473824
0.344657
0.897658
0.644897
0.196597
0.905067
0.870702
0.808945
0.266278
0.210392
0.587626
0.354539
0.922220
0.437207
0.939476
0.332084
0.101890
0.808544
0.484347
0.398879
0.581731
0.159864
0.196365
0.963677
0.080481
0.784533
0.007964
0.492857
0.910552
0.425649
0.286408
0.384375
0.770307
0.184066
0.029272
0.966904
0.089133
0.899974
0.775848
0.355411
0.110366
0.363475
0.709950
0.032586
0.800682
0.649426
0.364670
0.902572
0.457970
0.849016
0.301450
0.039701
0.008880
0.497815
0.003377
0.089362
0.282348
0.011341
0.582219
0.192899
0.436990
0.868627
0.577275
0.207297
0.052693
0.606547
0.174201
0.141827
0.506520
0.950049
0.497238
0.616886
0.313524
0.207188
0.649471
0.114206
0.856614
0.014141
0.016777
0.314584
0.863157
0.318227
0.354285
0.872038
0.816042
0.357662
0.961399
0.098390
0.369003
0.543618
0.291289
0.805993
0.412245
0.868564
0.013291
0.464938
0.475110
0.187492
0.606765
0.981630
0.137541
0.104003
0.598516
0.451065
0.311191
0.247987
0.565270
0.167805
0.262128
0.582048
0.482389
0.125285
0.900275
0.836673
0.997323
0.716317
0.194335
0.958722
0.814707
0.563338
0.502340
0.105996
0.369331
0.914586
0.974560
0.382622
0.379524
0.449671
0.570114
0.986289
0.431301
0.707654
0.090292
0.029817
0.158719
0.401483
0.277805
0.723990
0.569289
0.539933
0.306037
0.051677
0.665218
0.206312
0.888351
0.662541
0.922630
0.082686
0.621263
0.737337
0.646024
0.123603
0.843334
0.015356
0.038189
0.817894
0.397978
0.417713
0.267565
0.968091
0.404002
0.698866
0.675745
0.494294
0.728683
0.834465
0.895778
0.006487
0.558454
0.465066
0.546420
0.864491
0.516744
0.211638
0.070804
0.405094
0.874178
0.993434
0.487780
0.495441
0.730771
0.133804
0.619044
0.574105
0.149160
0.657233
0.391999
0.547137
0.074945
0.659563
0.515228
0.478947
0.358429
0.190974
0.973241
0.087112
0.025438
0.869019
0.093599
0.583893
0.334085
0.640019
0.448384
0.850829
0.851657
0.519188
0.255923
0.725835
0.512622
0.743703
0.221276
0.243393
0.877507
0.840321
0.817497
0.026667
0.497553
0.209496
0.573804
0.572498
0.869059
0.089033
0.051445
0.227488
0.280007
0.024687
0.314600
0.305445
0.893705
0.408199
0.889338
0.227790
0.048218
0.337722
0.078619
0.899875
0.856910
0.334542
0.625710
0.369532
0.078245
0.846987
0.612924
0.955752
0.687307
0.430422
0.982419
0.184860
0.639918
0.556224
0.757359
0.508977
0.645256
0.808804
0.736465
0.925263
0.833491
0.051065
0.230708
0.727196
0.459264
0.120045
0.954987
0.507482
0.457767
0.033606
0.407357
0.314677
0.368148
0.033067
0.684208
0.446393
0.880054
0.297133
0.402145
0.567361
0.727554
0.384564
0.752222
0.367472
0.940788
0.509580
0.876449
0.586044
0.318385
0.612914
0.511307
0.151876
0.663978
0.742015
0.879072
0.123242
0.862060
0.834059
0.630724
0.319827
0.867665
0.038080
0.634504
0.235813
0.071147
0.318712
0.682206
0.951201
0.615845
0.084351
0.518562
0.343399
0.468915
0.270784
0.710871
0.409703
0.780364
0.587320
0.995748
0.098749
0.200234
0.507055
0.250625
0.864212
0.249069
0.129697
0.987454
0.111129
0.963756
0.618178
0.430956
0.831421
0.656258
0.065460
0.067234
0.727406
0.384172
0.749439
0.678607
0.000017
0.833790
0.197169
0.343417
0.302705
0.467953
0.054288
0.712409
0.248317
0.641608
0.708156
0.347067
0.841841
0.215211
0.597692
0.706053
0.464280
0.727389
0.693507
0.575409
0.691145
0.311684
0.006365
0.522566
0.967943
0.071826
0.589800
0.695348
0.455998
0.339239
0.373955
0.456016
0.173029
0.571124
0.799432
0.475734
0.039077
0.853720
0.188143
0.287395
0.495328
0.896299
0.634461
0.337169
0.111510
0.232153
0.043222
0.575790
0.959542
0.736729
0.151199
0.650687
0.048413
0.157564
0.173253
0.016356
0.229390
0.763052
0.711704
0.685388
0.102291
0.085659
0.141404
0.275320
0.656783
0.940836
0.751055
0.695860
0.794556
0.939198
0.983254
0.289883
0.835497
0.617716
0.627052
0.947007
0.849869
0.670274
0.522797
0.809411
0.407003
0.673996
0.460098
0.455416
0.831560
0.633351
0.471772
0.060950
0.396403
0.183476
0.746338
0.498695
0.269134
0.887742
0.774015
0.925917
0.828578
0.525070
0.621777
0.623134
0.464268
0.605031
0.913017
0.299765
0.222747
0.540070
0.246772
0.072616
0.210344
0.769569
0.882027
0.617346
0.443564
0.342125
0.072762
0.275125
0.975475
0.544534
0.336075
0.371878
0.728009
0.082413
0.870573
0.997144
0.970155
0.644588
0.923061
0.798734
0.169658
0.544837
0.421867
0.633925
0.149869
0.334885
0.933690
0.372616
0.874954
0.180462
0.445232
0.085298
0.950030
0.327258
0.702644
0.393595
0.669383
0.775407
0.668719
0.644858
0.319940
0.004794
0.016736
0.047950
0.087207
0.887309
0.045093
0.057363
0.531897
0.968154
0.856096
0.701554
0.512991
0.277964
0.335479
0.662860
0.612848
0.269169
0.035476
0.487803
0.449631
0.480707
0.573101
0.399661
0.807965
0.275745
0.793256
0.477348
0.051152
0.461975
0.122206
0.371092
0.466769
0.138943
0.419042
0.553976
0.026252
0.464135
0.611339
0.558148
0.432289
0.467435
0.259703
0.945280
0.745398
0.595182
0.608140
0.358247
0.864352
0.643616
0.846050
0.313983
0.124323
0.419150
0.713644
0.932289
0.694895
0.506900
0.409637
0.746047
0.968876
0.531843
0.117139
0.435645
0.670786
0.536181
0.989621
0.697038
0.000316
0.600960
0.255186
0.432605
0.068395
0.514889
0.377885
0.813793
0.110071
0.986026
0.172040
0.974423
0.629642
0.018089
0.288406
0.753965
0.437240
0.002050
0.686253
0.132135
0.508951
0.095890
0.878182
0.477826
0.627733
0.995321
0.913471
0.298519
0.531502
0.903092
0.995557
0.531818
0.504052
0.250743
0.964423
0.572447
0.765632
0.342308
0.386240
0.875703
0.328334
0.558280
0.850126
0.957975
0.576369
0.138531
0.711940
0.013609
0.140582
0.398193
0.145744
0.649532
0.494083
0.023926
0.127358
0.121816
0.019247
0.040829
0.420335
0.550748
0.943922
0.415892
0.082566
0.447974
0.666635
0.046988
0.020421
0.432267
0.389296
0.406661
0.307970
0.717630
0.964940
0.158096
0.675605
0.541309
0.296627
0.387545
0.554918
0.437209
0.785738
0.700662
0.086741
0.279820
0.724588
0.214099
0.401637
0.743834
0.254929
0.821972
0.294583
0.198850
0.237864
0.377149
0.646824
0.904499
0.424137
0.667245
0.336766
0.813433
0.073906
0.644737
0.531063
0.038846
0.802832
0.206668
0.580155
0.099460
0.594213
0.135073
0.536669
0.379951
0.835735
0.623409
0.659771
0.560323
0.837509
0.061408
0.304157
0.092437
0.883380
0.598740
0.291288
0.121244
0.975889
0.938112
0.025743
0.400026
0.605357
0.362510
0.213459
0.679262
0.007246
0.744522
0.718108
0.810078
0.951191
0.298263
0.909538
0.545404
0.433337
0.446207
0.925354
0.269072
0.069616
0.585126
0.829395
0.907125
0.646533
0.133552
0.999562
0.529913
0.732292
0.290850
0.651157
0.708181
0.228961
0.676900
0.108206
0.834318
0.039409
0.321666
0.513580
0.046656
0.066188
0.231688
0.856734
0.017379
0.529952
0.766272
0.562782
0.963289
0.212479
0.488137
0.232361
0.282095
0.073263
0.061756
0.189220
0.719796
0.195308
0.188782
0.249709
0.927600
0.479632
0.900866
0.635781
0.708593
0.577765
0.743987
0.542911
0.617175
0.065653
0.056491
0.663830
0.131841
0.288180
0.520565
0.149219
0.818131
0.286837
0.712002
0.781420
0.499316
0.200139
0.013781
0.781411
0.273401
0.075536
0.970630
0.993197
0.270844
0.159412
0.242906
0.198444
0.639044
0.143771
0.834225
0.347637
0.721537
0.578212
0.890548
0.338712
0.643865
0.947039
0.002542
0.775706
0.235219
0.523107
0.924925
0.053351
0.809943
0.636927
0.834771
0.309259
0.837065
0.848551
0.090670
0.110467
0.924088
0.061300
0.103664
0.194932
0.220712
0.346570
0.393376
0.859756
0.490341
0.227601
0.207393
0.211878
0.805813
0.097941
0.550590
0.449678
0.044980
0.553132
0.225384
0.280200
0.076239
0.150309
0.333550
0.886182
0.787236
0.168321
0.195441
0.624301
0.016872
0.286111
0.734768
0.940960
0.347411
0.838431
0.135892
0.568123
0.185001
0.529267
0.427879
0.675342
0.756868
0.635272
0.887220
0.562682
0.733212
0.437809
0.012360
0.778193
0.990941
0.237744
0.058392
0.067180
0.388052
0.391943
0.953362
0.175288
0.560264
0.148803
0.799589
0.577136
0.434914
0.534356
0.518096
0.782324
0.372788
0.653988
0.350447
0.557788
0.183255
0.778326
0.233130
0.940123
0.413597
0.120350
0.502805
0.146810
0.558159
0.515165
0.925003
0.549100
0.752909
0.983395
0.616280
0.140961
0.375338
0.569642
0.316249
0.935602
0.718445
0.115838
0.512738
0.153358
0.650194
0.030834
0.935683
0.022982
0.684821
0.286130
0.580771
0.868076
0.064455
0.813901
0.808200
0.478053
0.934250
0.311005
0.624862
0.492409
0.826170
0.549865
0.041509
0.579078
0.533260
0.657789
0.720039
0.908598
0.227431
0.036288
0.844200
0.945875
0.152126
0.356937
0.099234
0.802320
0.387771
0.034916
0.825302
0.072593
0.321046
0.406073
0.940669
0.385501
0.219974
0.748869
0.863554
0.154224
0.059874
0.488416
0.646634
0.886043
0.038281
0.688143
0.465122
0.571541
0.345932
0.185161
0.480139
0.573363
0.221449
0.324339
0.519238
0.373575
0.681276
0.618472
0.175895
0.069048
0.653389
0.001198
0.141640
0.974434
0.407271
0.082309
0.359935
0.627245
0.831178
0.223489
0.781469
0.891051
0.711905
0.428102
0.777094
0.750186
0.116245
0.242216
0.321728
0.462178
0.427377
0.801867
0.035541
0.648826
0.126206
0.554779
0.022401
0.807482
0.173251
0.198296
0.876530
0.826640
0.199494
0.018170
0.801074
0.606765
0.100479
0.161010
0.234010
0.931656
0.384499
0.015478
0.822708
0.096404
0.443581
0.599802
0.846590
0.559826
0.842018
0.168318
0.022004
0.269395
0.970185
0.057544
0.918221
0.096391
0.612324
0.940621
0.903873
0.785575
0.138917
0.780403
0.612215
0.338411
0.798573
0.413289
0.945176
0.899052
0.574298
0.179186
0.830708
0.958797
0.194664
0.653416
0.055201
0.638245
0.253218
0.901791
0.198071
0.095236
0.070109
0.220075
0.364631
0.040294
0.277619
0.282851
0.136685
0.889943
0.223473
0.040559
0.675518
0.362390
0.820962
0.287732
0.700801
0.619535
0.701021
0.645978
0.518587
0.275320
0.825163
0.349295
0.234117
0.019828
0.002711
0.289318
0.658073
0.255929
0.191109
0.856144
0.351165
0.261219
0.076219
0.715795
0.301513
0.353838
0.998647
0.438199
0.243781
0.222119
0.478757
0.919298
0.584509
0.299719
0.207031
0.285310
0.919254
0.908052
0.931288
0.437841
0.183372
0.756451
0.787135
0.417489
0.776279
0.789846
0.706807
0.434352
0.045775
0.897916
0.290496
0.396939
0.159135
0.366714
0.112734
0.460648
0.720552
0.111381
0.898847
0.964333
0.333500
0.377604
0.883632
0.918010
0.677323
0.090662
0.203320
0.596577
0.998714
0.134608
0.034417
0.182086
0.891059
0.821553
0.599575
0.667338
0.611399
0.306382
0.101690
0.657174
0.204298
0.392186
0.054113
0.363433
0.758900
0.166847
0.824081
0.479452
0.278228
0.722928
0.443785
0.611729
0.100532
0.327417
0.529738
0.777855
0.418079
0.733058
0.374432
0.416793
0.867666
0.408849
0.598880
0.758725
0.230402
0.198455
0.426064
0.841801
0.504836
0.527754
0.498975
0.709134
0.919939
0.553088
0.072567
0.678839
0.719935
0.896648
0.158291
0.998163
0.619576
0.602076
0.609892
0.720108
0.929493
0.139631
0.497963
0.347572
0.872689
0.872395
0.764365
0.740355
0.281244
0.363245
0.499080
0.511646
0.561699
0.925144
0.353447
0.066536
0.452898
0.852422
0.775670
0.372837
0.405509
0.848237
0.051676
0.125444
0.744886
0.209968
0.123607
0.364462
0.812044
0.733500
0.084570
0.741537
0.873130
0.582533
0.089109
0.745819
0.454927
0.853474
0.486174
0.736171
0.216719
0.985254
0.247817
0.778418
0.910398
0.601264
0.844954
0.363296
0.453686
0.620624
0.736134
0.859196
0.468862
0.787810
0.984640
0.213747
0.997778
0.108247
0.578209
0.809822
0.841747
0.662779
0.551359
0.714877
0.245312
0.640468
0.460696
0.700239
0.493942
0.946870
0.436410
0.710661
0.932124
0.684227
0.489079
0.842522
0.285491
0.334034
0.205819
0.739178
0.954658
0.941952
0.598373
0.423519
0.729762
0.583013
0.637266
0.727540
0.691260
0.215476
0.537362
0.533007
0.878255
0.088721
0.247884
0.123566
0.729189
0.708580
0.823805
0.223131
0.655450
0.260215
0.933792
0.587574
0.944443
0.422871
0.430096
0.229934
0.756905
0.635915
0.969112
0.711562
0.577867
0.567485
0.135082
0.307629
0.150498
0.772348
0.035169
0.841758
0.987824
0.572531
0.374765
0.866078
0.661252
0.622649
0.989644
0.390441
0.331229
0.813450
0.613571
0.986679
0.073665
0.547363
0.574253
0.018108
0.970234
0.004349
0.248042
0.727139
0.640264
0.217154
0.438701
0.218131
0.784639
0.573783
0.525760
0.935137
0.346131
0.560929
0.776895
0.333954
0.133460
0.151660
0.200033
0.794712
0.774309
0.189677
0.185153
0.105538
0.003127
0.798724
0.092217
0.076792
0.346087
0.666470
0.094900
0.316321
0.670819
0.342942
0.043460
0.311082
0.560096
0.482161
0.529213
0.344735
0.055943
0.054973
0.279872
0.402074
0.615902
0.056766
0.736028
0.749362
0.208426
0.936061
0.544074
0.982735
0.125738
0.729227
0.088274
0.128865
0.527951
0.180491
0.205657
0.874038
0.846961
0.300558
0.190360
0.517779
0.643500
0.233819
0.828861
0.203597
0.715980
0.358074
0.548332
0.771924
0.413047
0.828203
0.173998
0.028949
0.884970
0.910026
0.778310
0.093396
0.846087
0.322385
0.076131
0.971826
0.051611
0.164405
0.100691
0.579563
0.344896
0.306348
0.453601
0.191856
0.606906
0.643961
0.709636
0.250406
0.877780
0.538497
0.454003
0.593760
0.896571
0.002334
0.365684
0.309618
0.830538
0.539682
0.338566
0.715507
0.449708
0.116877
0.808903
0.295795
0.439261
0.885035
0.267621
0.490873
0.049440
0.368311
0.070436
0.394336
0.674660
0.524037
0.586192
0.281565
0.167997
0.295828
0.531971
0.045777
0.834325
0.985974
0.639537
0.730896
0.988308
0.005221
0.040514
0.818846
0.544903
0.379080
0.534353
0.994611
0.495957
0.343257
0.290406
0.935219
0.228292
0.558026
0.426092
0.277732
0.926338
0.496527
0.672067
0.600997
0.020564
0.258260
0.882563
0.188561
0.554088
0.414534
0.234338
0.388412
0.400508
0.873875
0.119308
0.388816
0.879097
0.159822
0.207662
0.424000
0.538902
0.742015
0.418610
0.034860
0.085272
0.709016
0.970078
0.313563
0.267043
0.396170
0.591295
0.193381
0.892697
0.263362
0.794378
0.913260
0.521622
0.676941
0.101821
0.075709
0.091475
0.336159
0.464122
0.491983
0.210034
0.583430
0.880799
0.089131
0.743252
0.088461
0.513130
0.282155
0.830476
0.931741
0.317014
0.915748
0.640757
0.287093
0.229311
0.907800
0.683262
0.820605
0.101180
0.575959
0.083967
0.895558
0.489220
0.605589
0.572499
0.591041
0.681298
0.663973
0.927200
0.145420
0.155956
0.137234
0.728850
0.036755
0.226364
0.472102
0.125216
0.739495
0.754257
0.955692
0.671235
0.071271
0.871439
0.311992
0.358364
0.100750
0.219792
0.041626
0.921356
0.320972
0.617585
0.005323
0.216530
0.106805
0.610912
0.789028
0.697846
0.292211
0.453001
0.625045
0.437631
0.608957
0.762279
0.166481
0.645713
0.988643
0.638583
0.770929
0.728138
0.392839
0.726621
0.399373
0.464110
0.598060
0.711365
0.822474
0.698810
0.931157
0.864100
0.620166
0.252129
0.481685
0.625489
0.468658
0.588490
0.236401
0.257686
0.286335
0.528612
0.710687
0.911380
0.966242
0.319645
0.673659
0.132723
0.965357
0.662302
0.771305
0.736286
0.390440
0.164145
0.462907
0.789813
0.628255
0.060967
0.501179
0.450728
0.759777
0.432336
0.314828
0.379942
0.684464
0.796513
0.005431
0.153122
0.385003
0.241832
0.410808
0.671338
0.770444
0.121496
0.582718
0.736686
0.441140
0.256377
0.869409
0.406498
0.918680
0.640715
0.142784
0.309120
0.804859
0.605691
0.098933
0.433114
0.666657
0.600112
0.883843
0.426434
0.032448
0.198671
0.806376
0.716912
0.995184
0.811807
0.870034
0.380186
0.053640
0.280842
0.051524
0.824084
0.402337
0.634242
0.560770
0.843478
0.890619
0.430179
0.249976
0.809299
0.070894
0.392760
0.118419
0.875753
0.998451
0.217352
0.308867
0.665108
0.817464
0.192710
0.091542
0.849912
0.391381
0.897918
0.566823
0.386564
0.709725
0.436857
0.766750
0.763365
0.717699
0.818274
0.587449
0.120036
0.452516
0.148219
0.963514
0.343135
0.578398
0.213490
0.152434
0.649292
0.606250
0.270853
0.525046
0.604701
0.488205
0.833913
0.269808
0.305669
0.026623
0.361350
0.155581
0.418004
0.259268
0.722404
0.804568
0.968993
0.159261
0.571318
0.732358
0.876960
0.389592
0.319807
0.996996
0.842108
0.468025
0.960510
0.185243
0.046424
0.174000
0.337677
0.695716
0.780250
0.608530
0.220762
0.384951
0.096735
0.054675
0.654759
0.402404
0.081298
0.016109
0.557985
0.499302
0.275376
0.280389
0.303870
0.244369
0.439650
0.875188
0.976727
0.316609
0.264780
0.296533
0.313605
0.106888
0.764559
0.274115
0.292131
0.810983
0.448115
0.629808
0.506699
0.228365
0.238339
0.727461
0.613315
0.335074
0.782136
0.268074
0.737478
0.863434
0.284183
0.295463
0.362736
0.559559
0.575852
0.666606
0.803928
0.015502
0.541794
0.780654
0.332111
0.806574
0.077188
0.645716
0.913461
0.841746
0.919831
0.205592
0.652729
0.367946
0.835401
0.159428
0.596311
0.073739
0.886888
0.209626
0.408813
0.669024
0.477700
0.146291
0.532459
0.761883
0.441754
0.895195
0.321442
0.017606
0.561801
0.125370
0.033107
0.103595
0.906024
0.365218
0.910168
0.983212
0.010934
0.823630
0.824959
0.930765
0.029222
0.477688
0.298711
0.864623
0.637115
0.895022
0.938362
0.524004
0.104648
0.347175
0.193028
0.582349
0.493466
0.725487
0.344232
0.935220
0.620681
0.665674
0.952826
0.182482
0.791044
0.985934
0.286077
0.697068
0.351152
0.196245
0.680281
0.362086
0.019875
0.505239
0.292852
0.049097
0.982927
0.591563
0.913720
0.620042
0.486585
0.852082
0.144046
0.591233
0.199258
0.337074
0.173582
0.692724
0.062561
0.517813
0.627944
0.683242
0.183488
0.580770
0.865724
0.974532
0.566704
0.151801
0.671600
0.917856
0.348046
0.351881
0.279942
0.367921
0.857120
0.572794
0.417018
0.840047
0.164357
0.330738
0.460089
0.650942
0.182820
0.604135
0.242175
0.382078
0.941209
0.415756
0.074802
0.003769
0.933570
0.702746
0.687011
0.117057
0.283516
0.552736
0.091589
0.850220
0.704537
0.763189
0.768076
0.052583
0.115070
0.048019
0.420504
0.972190
0.620813
0.837523
0.812236
0.785170
0.168261
0.272325
0.436112
0.351081
0.876460
0.678286
0.733159
0.817669
0.094042
0.807961
0.821438
0.027612
0.510707
0.508449
0.144669
0.794223
0.061184
0.236258
0.644443
0.765721
0.999447
0.412520
0.818304
0.114516
0.460539
0.238809
0.086706
0.081352
0.076331
0.898942
0.866521
0.244592
0.171267
0.302633
0.595673
0.047727
0.980919
0.328832
0.865396
0.074962
0.136793
0.686834
0.102574
0.647500
0.195283
0.247243
0.441723
0.256467
0.483501
0.086166
0.022188
0.482948
0.498686
0.840493
0.597464
0.959225
0.079301
0.684170
0.040576
0.155632
0.583112
0.907098
0.400224
0.754379
0.209731
0.995897
0.802106
0.190650
0.324729
0.667502
0.265612
0.461522
0.354336
0.368186
0.109022
0.549618
0.615429
0.550745
0.806086
0.098930
0.636911
0.828274
0.581878
0.135598
0.668766
0.179341
0.094822
0.748067
0.863511
0.135398
0.903700
0.446623
0.042496
0.303924
0.201002
0.252227
0.299821
0.003108
0.442877
0.624551
0.670611
0.708489
0.086073
0.024947
0.076674
0.195095
0.574565
0.692103
0.745840
0.380651
0.791033
0.382752
0.208924
0.372910
0.518349
0.877690
0.552252
0.613171
0.625758
0.415763
0.748570
0.529458
0.862386
0.791066
0.833381
0.063388
0.043292
0.133203
0.066496
0.486169
0.757753
0.737107
0.194657
0.843826
0.762054
0.271332
0.038921
0.336619
0.963435
0.784762
0.717269
0.754468
0.167513
0.926193
0.127378
0.685863
0.803884
0.679630
0.299034
0.429642
0.095393
0.047604
0.959099
0.957779
0.838670
0.792481
0.021167
0.881962
0.925683
0.087663
0.368131
0.683437
0.824770
0.562788
0.527263
0.586824
0.834120
0.566184
0.923443
0.797555
0.350946
0.640712
0.552022
0.518459
0.566905
0.679400
0.204322
0.370789
0.359030
0.503356
0.800431
0.454422
0.550960
0.759530
0.412201
0.389630
0.552011
0.433368
0.271592
0.477694
0.521031
0.639723
0.161131
0.345801
0.202511
0.688394
0.932625
0.036631
0.254578
0.856068
0.834186
0.605524
0.496779
0.386208
0.123983
0.063685
0.065608
0.328306
0.434474
0.424637
0.831662
0.234904
0.879060
0.382622
0.994434
0.291260
0.772252
0.546445
0.724628
0.043844
0.024139
0.245659
0.683567
0.185270
0.591460
0.886077
0.873664
0.524085
0.922708
0.128242
0.380152
0.756894
0.733766
0.876932
0.143102
0.857750
0.940616
0.208709
0.186055
0.375090
0.633347
0.017717
0.609994
0.512406
0.400339
0.604429
0.803667
0.172591
0.150874
0.528295
0.216435
0.175013
0.773954
0.900001
0.360284
0.365413
0.786079
0.233948
0.889498
0.708787
0.362190
0.269650
0.465681
0.095956
0.146582
0.608783
0.953706
0.087198
0.817493
0.139761
0.462288
0.450839
0.157478
0.072282
0.963246
0.557817
0.676711
0.766912
0.730409
0.827585
0.295207
0.946844
0.002598
0.069161
0.846845
0.362882
0.434574
0.632924
0.596829
0.324072
0.341711
0.959019
0.593723
0.807393
0.054975
0.740305
0.416176
0.008681
0.827503
0.233669
0.148442
0.289791
0.684508
0.305920
0.362073
0.647753
0.863737
0.038784
0.414666
0.594146
0.866368
0.709873
0.540989
0.868966
0.779034
0.387835
0.231848
0.213608
0.020759
0.828677
0.537681
0.362470
0.787696
0.131403
0.169863
0.842671
0.871708
0.586039
0.851352
0.699211
0.819708
0.999794
0.989002
0.504215
0.305714
0.351075
0.151969
0.169451
0.389858
0.566635
0.763597
0.256226
0.276508
0.304586
0.125193
0.055541
0.692421
0.357041
0.269150
0.713180
0.185718
0.806830
0.075650
0.973414
0.938234
0.245512
0.816085
0.809942
0.831551
0.667437
0.509153
0.651259
0.667231
0.498155
0.155474
0.972945
0.849229
0.307443
0.142396
0.239088
0.874078
0.905993
0.495314
0.150585
0.210579
0.620507
0.206127
0.903000
0.977548
0.475277
0.616179
0.163266
0.282107
0.691829
0.136680
0.220341
0.937341
0.952765
0.030283
0.768893
0.620203
0.539436
0.420152
0.287434
0.037591
0.575626
0.260378
0.886820
0.883069
0.402774
0.125908
0.757147
0.308766
0.621222
0.907732
0.519345
0.241728
0.113859
0.422345
0.219276
0.589136
0.038525
0.382542
0.871243
0.730354
0.519222
0.091584
0.667695
0.471987
0.121866
0.436588
0.092190
0.661302
0.856740
0.379624
0.698893
0.432366
0.640002
0.585713
0.315435
0.042775
0.711620
0.072582
0.351542
0.332842
0.980315
0.870887
0.574570
0.094174
0.293232
0.793846
0.683310
0.331757
0.176388
0.554553
0.062110
0.695610
0.646136
0.729806
0.167598
0.768003
0.166394
0.259788
0.429305
0.023133
0.639411
0.128197
0.455499
0.279413
0.713910
0.770935
0.322188
0.425530
0.843517
0.673730
0.758372
0.823831
0.544616
0.332942
0.918006
0.837848
0.126788
0.601316
0.169605
0.303177
0.155868
0.231716
0.998787
0.802005
0.961521
0.166385
0.570008
0.127915
0.426173
0.999312
0.151048
0.065584
0.127509
0.606548
0.344997
0.841419
0.377482
0.667185
0.266949
0.220999
0.340915
0.025321
0.044830
0.885531
0.358262
0.962836
0.723380
0.485051
0.564151
0.892985
0.788227
0.720020
0.124700
0.787015
0.522025
0.086222
0.953400
0.092032
0.214136
0.379572
0.091345
0.365185
0.445156
0.218854
0.971732
0.790153
0.060273
0.349214
0.457338
0.327222
0.570213
0.798253
0.352542
0.615043
0.683784
0.710805
0.577879
0.407164
0.195855
0.142031
0.300149
0.984083
0.862050
0.424849
0.771098
0.384075
0.511071
0.724497
0.476108
0.725207
0.104070
0.567452
0.090392
0.549226
0.786306
0.062124
0.339379
0.846579
0.411338
0.796717
0.173801
0.981551
0.594970
0.526343
0.596594
0.278754
0.237148
0.174474
0.685918
0.433003
0.316504
0.986067
0.417086
0.178554
0.410916
0.188184
0.562630
0.921986
0.912681
0.038737
0.647193
0.016750
0.606189
0.737585
0.565976
0.392495
0.799709
0.905355
0.239074
0.211047
0.702072
0.412875
0.192598
0.297043
0.939218
0.789192
0.575797
0.176365
0.963665
0.261715
0.609369
0.280170
0.247782
0.026455
0.458724
0.658698
0.214638
0.021354
0.580684
0.127319
0.060091
0.227878
0.144069
0.666280
0.965462
0.710045
0.058775
0.765171
0.615400
0.297849
0.976218
0.317473
0.710724
0.168815
0.614515
0.649941
0.958007
0.190312
0.826307
0.921673
0.452028
0.435675
0.201842
0.699810
0.462130
0.660566
0.358508
0.676768
0.681920
0.939192
0.804086
0.742011
0.167069
0.948155
0.408290
0.132532
0.658201
0.467065
0.897703
0.273601
0.764914
0.873920
0.591073
0.475638
0.042735
0.205589
0.125579
0.000742
0.395901
0.951886
0.922415
0.847929
0.387561
0.124257
0.547738
0.849691
0.784823
0.906246
0.526458
0.466743
0.845438
0.330545
0.208753
0.012507
0.278700
0.617044
0.145039
0.936901
0.084109
0.042741
0.210502
0.849024
0.916662
0.801575
0.324662
0.959397
0.007164
0.450241
0.960139
0.403065
0.402127
0.882554
0.250993
0.789688
0.006812
0.798732
0.639379
0.791635
0.704978
0.165837
0.258378
0.550416
0.496382
0.467131
0.562923
0.775082
0.084175
0.707961
0.711983
0.168284
0.750703
0.922485
0.017308
0.667364
0.724060
0.341970
0.626761
0.731223
0.792211
0.586901
0.134288
0.194338
0.469455
0.385281
0.984026
0.476267
0.184013
0.623404
0.267902
0.888990
0.789241
0.526279
0.439406
0.285623
0.993411
0.002329
0.060706
0.077586
0.710290
0.772689
0.245870
0.460993
0.695173
0.263178
0.128357
0.419233
0.605148
0.755119
0.150456
0.397359
0.342020
0.284743
0.591697
0.811475
0.670024
0.575723
0.287742
0.854037
0.199127
0.555644
0.743028
0.988369
0.081923
0.182434
0.273992
0.075334
0.184762
0.334698
0.152919
0.895052
0.107386
0.398790
0.356045
0.802560
0.661968
0.484402
0.221792
0.267116
0.239520
0.372248
0.664475
0.581540
0.656992
0.256172
0.393015
0.327016
0.831895
0.680757
0.181053
0.031023
0.236401
0.924081
0.019392
0.318324
0.106515
0.293384
0.393658
0.291277
0.628082
0.546577
0.186329
0.735468
0.945367
0.542374
0.538028
0.607335
0.026776
0.759820
0.874451
0.266296
0.132068
0.538926
0.847836
0.789059
0.795098
0.240851
0.116076
0.626993
0.921608
0.297129
0.658016
0.158009
0.221210
0.677408
0.476333
0.327725
0.970791
0.869991
0.619002
0.598873
0.416568
0.805331
0.334341
0.361935
0.347704
0.872369
0.969270
0.374480
0.632188
0.843720
0.640776
0.764256
0.382646
0.488613
0.553316
0.177744
0.729464
0.669391
0.804737
0.651072
0.966520
0.462753
0.809081
0.187730
0.140161
0.285414
0.515455
0.110952
0.155405
0.134456
0.709825
0.571974
0.939787
0.044166
0.933909
0.287491
0.916535
0.903178
0.661971
0.548723
0.746899
0.302747
0.312979
0.129545
0.791360
0.866295
0.307288
0.520824
0.535686
0.112026
0.171896
0.502207
0.574778
0.980977
0.689937
0.714939
0.266392
0.205391
0.825891
0.421797
0.339847
0.535716
0.993771
0.279634
0.579882
0.927679
0.567125
0.496417
0.830858
0.229096
0.045140
0.577756
0.531844
0.358119
0.707301
0.323204
0.224414
0.014589
0.844028
0.760101
0.126615
0.015924
0.262307
0.701393
0.996901
0.952244
0.416332
0.263293
0.157635
0.242223
0.685090
0.497483
0.777939
0.678861
0.777117
0.357821
0.606540
0.344242
0.854238
0.437398
0.573338
0.899377
0.015154
0.105182
0.257496
0.722455
0.428386
0.481910
0.737045
0.272413
0.242011
0.863660
0.288337
0.504318
0.565053
0.285238
0.456562
0.981385
0.548531
0.614197
0.223609
0.233621
0.111680
0.001548
0.912482
0.888796
0.359369
0.519022
0.233038
0.213607
0.956420
0.806376
0.112984
0.971574
0.911558
0.370480
0.694030
0.339944
0.852391
0.431074
0.612357
0.094402
0.294734
0.900694
0.598720
0.859787
0.185932
0.055281
0.841172
0.734464
0.669479
0.064781
0.968085
0.781158
0.066329
0.880567
0.669954
0.425698
0.399589
0.902993
0.639305
0.356009
0.709369
0.752289
0.327584
0.620927
0.122770
0.021613
0.960871
0.975161
0.452687
0.573228
0.069562
0.747421
0.473922
0.668282
0.607208
0.659854
0.723563
0.448381
0.394318
0.393042
0.513162
0.362403
0.174200
0.579491
0.242970
0.844154
0.005190
0.642559
0.747147
0.644495
0.998568
0.456516
0.396785
0.326151
0.077443
0.519554
0.347764
0.038314
0.494715
0.800452
0.611542
0.564277
0.547873
0.085464
0.232559
0.155082
0.745318
0.956122
0.603462
0.139636
0.349163
0.116624
0.502039
0.523363
0.696116
0.745009
0.367517
0.701305
0.387567
0.114664
0.345800
0.386135
0.571180
0.742585
0.712286
0.648623
0.262139
0.060050
0.686936
0.756854
0.860502
0.298478
0.321131
0.408376
0.383942
0.553690
0.563457
0.129260
0.509812
0.166920
0.268896
0.858975
0.283544
0.770936
0.382338
0.979660
0.515944
0.749855
0.680965
0.903511
0.864519
0.026766
0.289646
0.435699
0.769351
0.001932
0.084322
0.031490
0.061983
0.771258
0.788344
0.922485
0.069736
0.109476
0.330861
0.453678
0.663166
0.894318
0.582938
0.172977
0.061237
0.851835
0.031952
0.344781
0.622770
0.414291
0.324441
0.138714
0.164146
0.005407
0.042226
0.028665
0.032172
0.331872
0.464364
0.801523
0.333805
0.548686
0.833013
0.395787
0.319944
0.621358
0.318273
0.389680
0.730833
0.649133
0.843358
0.393999
0.543451
0.426296
0.566976
0.604688
0.278131
0.598929
0.949470
0.900901
0.013219
0.273911
0.039615
0.177365
0.279318
0.081841
0.206030
0.311490
0.413713
0.670395
0.113013
0.747518
0.219081
0.946026
0.143305
0.539025
0.567384
0.461578
0.928706
0.298217
0.110711
0.772064
0.692216
0.654162
0.198360
0.259193
0.258850
0.476491
0.858122
0.208320
0.377392
0.871341
0.482231
0.417007
0.048706
0.761549
0.498849
0.254737
0.073039
0.912562
0.925131
0.186052
0.660079
0.144213
0.132079
0.803385
0.683238
0.699463
0.264962
0.611944
0.997680
0.375673
0.384008
0.689896
0.029835
0.582368
0.949089
0.288685
0.058860
0.807211
0.497005
0.436252
0.678552
0.979236
0.853259
0.727258
0.740785
0.352108
0.981994
0.813824
0.264669
0.907126
0.999876
0.924749
0.051338
0.131955
0.728133
0.734576
0.831418
0.993096
0.346520
0.829098
0.368769
0.730528
0.518994
0.398603
0.312897
0.468083
0.687288
0.371756
0.275294
0.184293
0.808008
0.953845
0.163529
0.661268
0.681103
0.904314
0.013375
0.663097
0.718138
0.278045
0.570223
0.718015
0.202794
0.621562
0.849970
0.930927
0.356138
0.681388
0.924023
0.702658
0.510486
0.292791
0.433187
0.029480
0.691394
0.746083
0.497563
0.378682
0.117840
0.772857
0.562975
0.925848
0.726702
0.726505
0.587116
0.407805
0.630819
0.600491
0.070903
0.348957
0.878536
0.641126
0.066972
0.081330
0.262687
0.916942
0.012257
0.618825
0.598330
0.936279
0.321484
0.108816
0.229071
0.754670
0.138295
0.920465
0.500754
0.635858
0.299148
0.618594
0.408715
0.862123
0.544442
0.135417
0.588628
0.131557
0.543222
0.219446
0.732048
0.614125
0.568404
0.610584
0.255251
0.635376
0.691914
0.517938
0.552318
0.704171
0.136763
0.150648
0.640450
0.458247
0.259464
0.869521
0.212917
0.397759
0.789986
0.713671
0.033617
0.089133
0.332265
0.442332
0.951256
0.876706
0.577749
0.539884
0.008264
0.120972
0.759330
0.740312
0.735096
0.327734
0.350896
0.990347
0.963110
0.042810
0.508285
0.515428
0.746981
0.645048
0.666076
0.387431
0.103295
0.925540
0.256952
0.316212
0.323299
0.046937
0.029883
0.356916
0.136071
0.362148
0.799249
0.087327
0.238854
0.376998
0.627211
0.247118
0.497970
0.386541
0.987430
0.233066
0.714275
0.338326
0.223413
0.677384
0.381137
0.731698
0.192812
0.128118
0.376746
0.858888
0.515549
0.480041
0.784427
0.772500
0.796254
0.107726
0.819438
0.826137
0.464642
0.955508
0.188285
0.263891
0.042835
0.427139
0.640889
0.670046
0.674257
0.138859
0.056587
0.661687
0.371925
0.770861
0.000013
0.595338
0.448246
0.381150
0.327035
0.641058
0.509268
0.703782
0.499946
0.024816
0.183823
0.284373
0.797317
0.980076
0.392099
0.616754
0.806213
0.856742
0.572263
0.994498
0.120633
0.615098
0.421637
0.761522
0.285144
0.095894
0.900380
0.341730
0.757581
0.272305
0.112592
0.757594
0.867643
0.560838
0.138744
0.194678
0.201896
0.648012
0.898460
0.701842
0.672829
0.082282
0.986215
0.470146
0.062359
0.378314
0.086900
0.868572
0.235056
0.659163
0.863070
0.355689
0.274261
0.284707
0.117211
0.559404
0.380601
0.017591
0.901135
0.138182
0.289896
0.013727
0.895777
0.157539
0.574564
0.034521
0.352217
0.776460
0.682533
0.250676
0.478302
0.355362
0.332959
0.464517
0.825508
0.395318
0.842831
0.912408
0.263890
0.077888
0.571570
0.126960
0.433577
0.845831
0.411667
0.550787
0.405235
0.792268
0.568379
0.306370
0.930450
0.858275
0.320097
0.826227
0.015813
0.894661
0.860748
0.368030
0.671122
0.543281
0.618707
0.149424
0.898643
0.951665
0.613941
0.724151
0.346983
0.456772
0.636558
0.610873
0.534660
0.208129
0.737832
0.968236
0.053960
0.149499
0.519023
0.459195
0.941768
0.087402
0.765566
0.872218
0.945677
0.085663
0.698445
0.961490
0.980324
0.559193
0.329520
0.651446
0.102474
0.948227
0.800869
0.001117
0.899892
0.414810
0.725268
0.246875
0.871582
0.361826
0.857748
0.406241
0.569955
0.595581
0.374478
0.623915
0.745080
0.893501
0.083110
0.686848
0.980903
0.848675
0.559066
0.926580
0.934338
0.257510
0.888070
0.914662
0.816703
0.217590
0.566107
0.919177
0.165817
0.366977
0.920294
0.065709
0.781787
0.645561
0.312585
0.653368
0.007387
0.170333
0.059610
0.577342
0.765914
0.434087
0.201257
0.510994
0.327588
0.284367
0.197841
0.308491
0.133042
0.756907
0.235071
0.067380
0.014417
0.123141
0.982042
0.831120
0.340731
0.548149
0.750297
0.506548
0.915126
0.670591
0.572257
0.696913
0.316152
0.884842
0.350281
0.323540
0.055175
0.409891
0.900882
0.821089
0.843978
0.102139
0.332083
0.171567
0.386505
0.529924
0.480058
0.519547
0.286831
0.715129
0.586927
0.301248
0.838270
0.568969
0.132369
0.179001
0.117118
0.882666
0.685549
0.032244
0.553257
0.257806
0.729157
0.869409
0.142648
0.079438
0.192949
0.197824
0.489329
0.093831
0.018912
0.333307
0.195970
0.350995
0.504873
0.582475
0.880919
0.984931
0.102022
0.167750
0.700061
0.688950
0.468998
0.538330
0.257919
0.601367
0.717331
0.375037
0.484033
0.402880
0.407281
0.037290
0.660687
0.136438
0.906699
0.803335
0.215875
0.099648
0.001159
0.705204
0.193479
0.020071
0.038510
0.389448
0.371066
0.543384
0.971923
0.251985
0.528315
0.073946
0.419735
0.228376
0.762895
0.888733
0.766706
0.020814
0.490100
0.484038
0.395851
0.974133
0.886918
0.803132
0.011422
0.547605
0.939569
0.918121
0.350940
0.155444
0.017769
0.352098
0.860648
0.211247
0.372169
0.899159
0.600695
0.743235
0.442543
0.572619
0.995220
0.970858
0.646564
0.414955
0.199234
0.409460
0.303688
0.965940
0.430273
0.793788
0.449978
0.826124
0.767921
0.336896
0.629256
0.779344
0.884501
0.568825
0.697465
0.235440
0.724269
0.715234
0.587539
0.584918
0.926481
0.959708
0.484076
0.527176
0.702943
0.926619
0.099795
0.698163
0.897477
0.746359
0.113118
0.096710
0.155819
0.416806
0.062651
0.586092
0.210595
0.512629
0.412216
0.978516
0.849524
0.041472
0.757860
0.734025
0.610297
0.455325
0.969465
0.334566
0.170558
0.557004
0.919484
0.097039
0.516712
0.403560
0.624215
0.219655
0.330178
0.724010
0.917818
0.227655
0.470369
0.030936
0.324365
0.626187
0.447742
0.387016
0.212279
0.658336
0.899645
0.624496
0.636852
0.749169
0.665967
0.394712
0.483194
0.276264
0.850037
0.452660
0.610830
0.020596
0.009664
0.530314
0.117635
0.526375
0.933873
0.741850
0.746030
0.264052
0.465860
0.663848
0.491707
0.936229
0.694783
0.816072
0.562416
0.142525
0.203089
0.774696
0.800861
0.102733
0.399191
0.437714
0.851902
0.065159
0.832426
0.335096
0.341423
0.682463
0.787756
0.952253
0.703059
0.797420
0.482566
0.820694
0.323795
0.416440
0.562544
0.069825
0.680492
0.028403
0.733672
0.172199
0.964632
0.428455
0.988271
0.527049
0.570980
0.191360
0.301744
0.371842
0.294093
0.700936
0.809556
0.145995
0.766094
0.641982
0.481091
0.107517
0.324445
0.268848
0.059769
0.027504
0.066267
0.542336
0.848198
0.390062
0.958776
0.410741
0.459887
0.639268
0.439145
0.193559
0.811466
0.403777
0.622014
0.799737
0.930826
0.192994
0.991097
0.232570
0.564836
0.285190
0.933506
0.374392
0.431185
0.699600
0.016374
0.912276
0.807117
0.340819
0.181124
0.866886
0.368323
0.247391
0.409222
0.216521
0.637453
0.367998
0.627263
0.097340
0.007265
0.066408
0.290899
0.818732
0.470185
0.912913
0.618469
0.401011
0.105907
0.609566
0.633581
0.670743
0.894756
0.567087
0.045135
0.325941
0.266687
0.061509
0.238218
0.073804
0.402328
0.419342
0.940690
0.770651
0.666733
0.349912
0.987172
0.304186
0.717910
0.614435
0.401526
0.725175
0.680843
0.692424
0.543907
0.151027
0.605337
0.162376
0.552038
0.711244
0.771942
0.185619
0.381987
0.666698
0.752706
0.427123
0.992640
0.019393
0.488632
0.230857
0.093196
0.890960
0.650199
0.033886
0.661611
0.316932
0.383798
0.648783
0.621118
0.101708
0.263218
0.022643
0.826883
0.944061
0.715068
0.370790
0.095088
0.320404
0.533165
0.647127
0.031648
0.305108
0.832746
0.413636
0.971806
0.585451
0.840758
0.964446
0.604844
0.329390
0.195303
0.698040
0.220349
0.845502
0.731926
0.881960
0.162434
0.115724
0.530744
0.783552
0.217432
0.793962
0.806195
0.044315
0.738023
0.521263
0.415104
0.833112
0.841667
0.948270
0.480238
0.873315
0.253377
0.312984
0.286951
0.225183
0.898436
0.127709
0.189629
0.503280
0.457099
0.384932
0.201320
0.677448
0.230434
0.933246
0.559408
0.392868
0.048971
0.090152
0.176419
0.266403
0.884115
0.982614
0.310717
0.622138
0.503877
0.725821
0.455250
0.345543
0.674091
0.935488
0.218859
0.927468
0.248473
0.505810
0.152651
0.146908
0.633519
0.342280
0.650188
0.090617
0.727212
0.851508
0.768065
0.957646
0.784754
0.327474
0.350514
0.833725
0.417626
0.526933
0.100128
0.301741
0.509547
0.410845
0.923879
0.013423
0.136666
0.379129