0.905336
0.277314
0.294159
0.667470
0.510095
0.755232
0.210283
0.012640
0.127532
0.745944
0.046503
0.839551
0.165687
0.512964
0.810787
0.777630
0.671637
0.374835
0.070096
0.384700
0.094141
0.232280
0.607655
0.014443
0.723849
0.825408
0.440255
0.473364
0.006912
0.257474
0.088273
0.912248
0.534788
0.382432
0.579718
0.044884
0.137664
0.790001
0.057524
0.265197
0.535945
0.104027
0.104747
0.701632
0.616991
0.915535
0.479262
0.288628
0.290370
0.549358
0.673328
0.384511
0.781638
0.280983
0.398953
0.505486
0.106391
0.839208
0.978850
0.113303
0.096682
0.067123
0.025551
0.631471
0.449555
0.605269
0.676355
0.587220
0.395270
0.733878
0.852417
0.931215
0.837905
0.957164
0.632847
0.454896
0.872698
0.112109
0.743524
0.163068
0.661467
0.416852
0.547579
0.443105
0.697835
0.946533
0.948592
0.804226
0.785741
0.927442
0.917530
0.882424
0.994565
0.943081
0.513894
0.444120
0.548351
0.190249
0.031340
0.943621
0.924127
0.883756
0.874836
0.762032
0.840920
0.507683
0.216928
0.713619
0.619793
0.960452
0.876687
0.281260
0.377304
0.424266
0.724365
0.075139
0.370799
0.672957
0.879366
0.156540
0.600399
0.796896
0.038964
0.594963
0.739977
0.552858
0.039083
0.288328
0.743107
0.070423
0.231948
0.667234
0.954179
0.106785
0.429266
0.795100
0.614468
0.646194
0.508718
0.234261
0.606646
0.385405
0.515521
0.983950
0.809672
0.239886
0.059089
0.180471
0.912843
0.938455
0.337011
0.513241
0.735351
0.375974
0.108205
0.475328
0.928832
0.147288
0.763655
0.671939
0.217711
0.995604
0.339173
0.171891
0.102389
0.768439
0.966990
0.716857
0.414633
0.475709
0.951117
0.021279
0.861114
0.466638
0.005228
0.670785
0.706524
0.064317
0.851256
0.619367
0.002773
0.188267
0.132608
0.738123
0.564241
0.240813
0.213451
0.493073
0.388101
0.977107
0.165013
0.605812
0.972710
0.504186
0.777703
0.075099
0.272625
0.744693
0.791955
0.687257
0.220402
0.743073
0.708536
0.081516
0.209711
0.713764
0.752301
0.916235
0.778082
0.603557
0.535602
0.780854
0.791824
0.668210
0.518977
0.356065
0.909023
0.732429
0.849138
0.297124
0.709535
0.014151
0.902937
0.682246
0.518336
0.680640
0.757345
0.790961
0.425333
0.549300
0.478219
0.645734
0.292373
0.186754
0.727250
0.502083
0.900519
0.479551
0.418318
0.678600
0.083108
0.953920
0.459454
0.874932
0.622130
0.978432
0.230997
0.531153
0.710860
0.080135
0.828277
0.420396
0.094286
0.731213
0.102641
0.612623
0.411853
0.859986
0.403584
0.837185
0.409286
0.881802
0.482920
0.701658
0.068557
0.210170
0.203742
0.969075
0.689721
0.622060
0.647676
0.772829
0.575979
0.107130
0.647761
0.198109
0.085562
0.878758
0.729261
0.796422
0.958894
0.557538
0.216818
0.053180
0.288751
0.319459
0.665802
0.700604
0.179445
0.069386
0.537790
0.588731
0.951188
0.020709
0.290389
0.019745
0.230880
0.494131
0.988820
0.920601
0.116191
0.636496
0.693430
0.692170
0.743626
0.341191
0.890279
0.829188
0.219950
0.619541
0.625610
0.178843
0.177079
0.842428
0.232023
0.465830
0.161887
0.897825
0.166434
0.341332
0.967211
0.704224
0.930062
0.918399
0.724933
0.220452
0.938144
0.955813
0.714582
0.926965
0.876413
0.830773
0.563461
0.569843
0.522943
0.307086
0.911035
0.413222
0.136274
0.130984
0.032763
0.761884
0.309827
0.209841
0.604312
0.541850
0.675671
0.766198
0.439675
0.842105
0.107530
0.406886
0.546329
0.037593
0.325286
0.271262
0.258044
0.263430
0.227075
0.972627
0.190395
0.103488
0.803400
0.753855
0.673331
0.326343
0.060941
0.584366
0.739565
0.197216
0.715350
0.772328
0.959099
0.025177
0.982169
0.563411
0.567027
0.657841
0.329610
0.006702
0.499946
0.437140
0.413589
0.046275
0.474732
0.738874
0.317537
0.732776
0.002304
0.544612
0.705403
0.192699
0.648100
0.508803
0.946554
0.321431
0.835146
0.007496
0.905796
0.574711
0.204711
0.621146
0.347039
0.163811
0.646323
0.329208
0.727222
0.213350
0.987049
0.056831
0.220052
0.486995
0.493971
0.633641
0.533271
0.968703
0.372515
0.850808
0.701479
0.374820
0.395420
0.406883
0.567519
0.043520
0.915685
0.514073
0.364951
0.750831
0.521568
0.270747
0.325542
0.726279
0.891893
0.672581
0.890090
0.538216
0.001790
0.617311
0.751566
0.988839
0.674142
0.971619
0.475835
0.168113
0.605260
0.009105
0.136816
0.977775
0.859913
0.838296
0.352595
0.255334
0.245178
0.920113
0.298853
0.160864
0.434186
0.663804
0.911695
0.955754
0.934551
0.237237
0.682034
0.826445
0.909819
0.572123
0.364661
0.911609
0.189435
0.116228
0.900448
0.863577
0.087846
0.376282
0.031690
0.693106
0.385388
0.168507
0.670881
0.245301
0.006802
0.023476
0.500635
0.251981
0.943589
0.799488
0.412844
0.377775
0.463292
0.324539
0.333530
0.397844
0.561777
0.015563
0.224289
0.471596
0.587687
0.588950
0.383204
0.777121
0.705177
0.283652
0.640698
0.793024
0.659935
0.672389
0.486130
0.045322
0.840895
0.157011
0.290624
0.847698
0.180487
0.791259
0.099679
0.124076
0.590747
0.512523
0.501851
0.054039
0.837062
0.835381
0.451883
0.398839
0.850944
0.676172
0.870435
0.438631
0.265122
0.253639
0.215752
0.970299
0.537291
0.856450
0.763323
0.197226
0.528839
0.249452
0.242548
0.369735
0.406463
0.533172
0.217433
0.586950
0.324431
0.317111
0.711026
0.915177
0.829634
0.212877
0.969217
0.666696
0.048258
0.421100
0.065535
0.899202
0.097272
0.935970
0.337833
0.362394
0.189609
0.553585
0.332693
0.726900
0.410035
0.096015
0.924126
0.938874
0.345468
0.166674
0.308609
0.751931
0.699846
0.526041
0.338881
0.024277
0.843152
0.049906
0.939454
0.672786
0.262783
0.908671
0.339482
0.311041
0.329771
0.405017
0.210243
0.427042
0.340987
0.548076
0.789436
0.530596
0.101661
0.122129
0.257496
0.511696
0.218144
0.181621
0.450570
0.563612
0.348295
0.759179
0.315543
0.048142
0.285220
0.654423
0.072418
0.128372
0.704329
0.011872
0.801159
0.967113
0.920543
0.140641
0.278154
0.250314
0.545659
0.488397
0.677356
0.886646
0.036473
0.466792
0.417241
0.138133
0.588920
0.674737
0.649829
0.807064
0.856358
0.100399
0.370676
0.204654
0.859578
0.686219
0.252795
0.144798
0.340642
0.325214
0.273170
0.044971
0.337086
0.074329
0.012084
0.257629
0.214970
0.290237
0.507943
0.760628
0.778634
0.185299
0.647274
0.815107
0.652090
0.064515
0.953240
0.241011
0.739252
0.603069
0.048075
0.595611
0.703468
0.418751
0.800265
0.563046
0.104970
0.053060
0.707843
0.445611
0.378273
0.981013
0.490582
0.715359
0.055342
0.502666
0.972989
0.270312
0.792904
0.480931
0.030940
0.571538
0.666230
0.678214
0.386645
0.318320
0.742730
0.339885
0.559331
0.481982
0.942954
0.607406
0.077593
0.646422
0.026157
0.877858
0.209468
0.131126
0.930918
0.917311
0.576738
0.309191
0.898324
0.067320
0.024550
0.953666
0.569986
0.997539
0.223978
0.362890
0.478470
0.254918
0.934428
0.144700
0.933132
0.321072
0.463021
0.675862
0.660957
0.022352
0.157844
0.603911
0.629758
0.235437
0.250333
0.655915
0.113295
0.459801
0.787041
0.044212
0.377111
0.363779
0.353403
0.275435
0.431099
0.377954
0.229101
0.001086
0.375493
0.453079
0.363976
0.853963
0.707996
0.298403
0.998664
0.641129
0.619476
0.461685
0.316990
0.280433
0.484037
0.474835
0.884344
0.113794
0.710272
0.134678
0.769709
0.823567
0.594478
0.556750
0.867779
0.971590
0.920529
0.221183
0.247025
0.351628
0.599137
0.476126
0.352714
0.974630
0.929205
0.716690
0.828593
0.637201
0.015093
0.827257
0.278330
0.634569
0.288942
0.595320
0.915002
0.772978
0.070155
0.799346
0.886773
0.780427
0.934024
0.656482
0.603994
0.528502
0.213232
0.471773
0.500092
0.133762
0.692956
0.747117
0.485390
0.292092
0.223243
0.838104
0.266722
0.152448
0.554794
0.095315
0.789650
0.569887
0.922572
0.067979
0.204455
0.211513
0.663300
0.119457
0.984491
0.733455
0.918804
0.871264
0.513882
0.852828
0.527746
0.117875
0.381330
0.740978
0.589648
0.881423
0.874739
0.282604
0.628540
0.360129
0.574696
0.851783
0.198233
0.841418
0.004232
0.753027
0.936732
0.793881
0.322913
0.859304
0.861861
0.527369
0.070817
0.525161
0.646826
0.055308
0.258616
0.565630
0.926572
0.772497
0.418458
0.454318
0.890373
0.799788
0.195295
0.480021
0.681211
0.070035
0.762625
0.309751
0.430164
0.337321
0.161534
0.628398
0.178738
0.165766
0.381424
0.115471
0.959647
0.704338
0.974775
0.821508
0.231707
0.045592
0.346669
0.878533
0.100900
0.605284
0.444163
0.027472
0.377781
0.862621
0.481790
0.268154
0.662409
0.677085
0.748175
0.343620
0.747120
0.510800
0.653371
0.177284
0.848121
0.814905
0.805682
0.026859
0.980671
0.187106
0.142330
0.940318
0.891444
0.117104
0.761826
0.123151
0.162696
0.108494
0.001684
0.263596
0.713778
0.445846
0.291068
0.091560
0.308467
0.772857
0.359714
0.970876
0.449942
0.107889
0.314496
0.197062
0.618689
0.967867
0.374346
0.466809
0.782772
0.180028
0.493668
0.763443
0.367134
0.635998
0.703761
0.258578
0.753102
0.465587
0.381729
0.915798
0.574081
0.383413
0.179394
0.287859
0.829259
0.470461
0.379419
0.137726
0.243319
0.739133
0.108603
0.693261
0.847022
0.423099
0.890323
0.465710
0.390966
0.264669
0.932520
0.173738
0.444697
0.426188
0.937181
0.811831
0.062186
0.640942
0.070409
0.815289
0.106528
0.452138
0.731087
0.680609
0.835551
0.910481
0.968468
0.664810
0.380942
0.347887
0.802536
0.624261
0.087020
0.911138
0.317522
0.934042
0.334237
0.207844
0.399752
0.725203
0.472513
0.332272
0.898941
0.917210
0.758461
0.836122
0.729041
0.820647
0.477064
0.799450
0.635936
0.583592
0.251588
0.367023
0.264201
0.087139
0.277504
0.232670
0.751948
0.658446