0.877000
0.883307
0.093356
0.645576
0.432339
0.862659
0.282865
0.512580
0.536361
0.039714
0.408419
0.147495
0.807020
0.023354
0.476449
0.192256
0.743984
0.673223
0.594404
0.184481
0.906769
0.085553
0.503415
0.476843
0.665432
0.001803
0.107468
0.583623
0.095627
0.980506
0.596533
0.972627
0.863813
0.689889
0.618203
0.296152
0.552548
0.901068
0.808732
0.088909
0.940782
0.217151
0.236404
0.747802
0.240505
0.712853
0.940058
0.984489
0.386076
0.534462
0.168970
0.292845
0.620015
0.672384
0.769687
0.285447
0.674188
0.877155
0.869070
0.769814
0.857661
0.465603
0.742441
0.721474
0.155492
0.360644
0.017626
0.708040
0.261712
0.826358
0.796950
0.202494
0.043509
0.033354
0.950296
0.284014
0.746207
0.890353
0.268504
0.132283
0.424816
0.437474
0.425127
0.044831
0.109858
0.194815
0.330278
0.784046
0.071970
0.199348
0.553860
0.929631
0.664950
0.296301
0.651105
0.820443
0.656945
0.668731
0.528483
0.918658
0.495089
0.325433
0.121151
0.538598
0.358787
0.071447
0.822612
0.104994
0.961800
0.091116
0.237277
0.386616
0.528589
0.662404
0.431447
0.638447
0.857219
0.761724
0.422493
0.929189
0.961072
0.976353
0.858820
0.626023
0.272654
0.509924
0.446465
0.929600
0.178655
0.974948
0.848257
0.673744
0.300381
0.969409
0.212341
0.659167
0.040856
0.034953
0.764161
0.002656
0.126069
0.001438
0.389272
0.654658
0.663842
0.820719
0.293106
0.521061
0.582443
0.715599
0.450249
0.543515
0.691952
0.309069
0.169538
0.964606
0.818993
0.616003
0.894206
0.997648
0.590951
0.742463
0.671392
0.891332
0.711871
0.883734
0.550499
0.752727
0.918687
0.314660
0.755383
0.044756
0.316098
0.144654
0.699414
0.979939
0.965373
0.992520
0.501000
0.547816
0.708118
0.951249
0.091331
0.400070
0.260318
0.260869
0.364676
0.079311
0.876872
0.258882
0.076960
0.467823
0.001344
0.748352
0.359155
0.713215
0.632086
0.909654
0.465942
0.550773
0.224314
0.221325
0.595529
0.540412
0.365979
0.294944
0.520351
0.331352
0.287464
0.021351
0.879168
0.995582
0.972600
0.970499
0.395652
0.232919
0.231368
0.760328
0.312230
0.108241
0.019210
0.389190
0.576064
0.020554
0.137542
0.935219
0.733770
0.769628
0.844874
0.199712
0.320401
0.069188
0.421036
0.915931
0.609600
0.787015
0.210874
0.129952
0.118367
0.498338
0.151303
0.997535
0.493920
0.123903
0.968034
0.889572
0.356822
0.199402
0.649901
0.669052
0.307643
0.669111
0.058241
0.883707
0.689665
0.195784
0.818926
0.423435
0.965412
0.663800
0.623146
0.285813
0.732988
0.044182
0.201744
0.342588
0.831197
0.412619
0.472540
0.949564
0.910957
0.623843
0.947099
0.404877
0.747746
0.915133
0.294449
0.104567
0.114536
0.944349
0.773619
0.422178
0.613460
0.831860
0.305885
0.303125
0.027644
0.124812
0.726559
0.993056
0.788612
0.349705
0.278870
0.521600
0.393888
0.480614
0.864188
0.225085
0.893232
0.336728
0.174650
0.804189
0.960571
0.121749
0.209065
0.708317
0.036882
0.503514
0.812884
0.151418
0.447863
0.586503
0.573596
0.061323
0.418364
0.879481
0.364448
0.446008
0.004293
0.091007
0.439064
0.792905
0.440712
0.717934
0.314504
0.834600
0.198547
0.178693
0.059685
0.091780
0.515421
0.234334
0.895969
0.475992
0.356083
0.105034
0.184309
0.392965
0.608548
0.997193
0.544383
0.056412
0.583697
0.117979
0.117735
0.002060
0.997460
0.482182
0.448068
0.001753
0.573189
0.887132
0.794658
0.013901
0.605066
0.109163
0.848500
0.803613
0.287855
0.908185
0.895393
0.803276
0.142519
0.791361
0.279268
0.498602
0.896395
0.463577
0.891567
0.504943
0.460771
0.435950
0.561355
0.044467
0.553929
0.679090
0.046528
0.551389
0.161272
0.494596
0.553142
0.734460
0.381728
0.347800
0.748361
0.986793
0.456963
0.596861
0.790406
0.744818
0.505046
0.685799
0.548094
0.647566
0.477160
0.827362
0.146168
0.373555
0.290940
0.037735
0.878499
0.751710
0.473685
0.439854
0.796178
0.027614
0.118943
0.842705
0.579002
0.280215
0.337301
0.132144
0.014675
0.719029
0.479945
0.763036
0.705822
0.936907
0.359898
0.496228
0.681725
0.864944
0.182027
0.229819
0.512510
0.659186
0.057181
0.658678
0.032741
0.348121
0.696413
0.911240
0.099831
0.170098
0.351094
0.896009
0.197712
0.470037
0.738714
0.776714
0.750252
0.076015
0.908858
0.764927
0.795043
0.388803
0.527963
0.500865
0.325710
0.887861
0.997093
0.007436
0.752806
0.179120
0.237255
0.265316
0.838306
0.294436
0.923994
0.871048
0.642557
0.620407
0.782288
0.742389
0.790505
0.133381
0.638397
0.988217
0.603418
0.377111
0.764931
0.353670
0.453126
0.673789
0.118597
0.248169
0.062593
0.646560
0.749035
0.388303
0.534422
0.746128
0.395738
0.287228
0.925247
0.632993
0.552544
0.763554
0.927429
0.476538
0.634601
0.569987
0.096945
0.416889
0.312375
0.887451
0.550271
0.950773
0.875668
0.153689
0.327884
0.640599
0.507359
0.781010
0.314388
0.625956
0.029179
0.376981
0.272516
0.778214
0.765284
0.806938
0.524342
0.161022
0.094166
0.449589
0.794015
0.646710
0.213143
0.721445
0.123248
0.847744
0.291431
0.220193
0.264633
0.603806
0.107644
0.814904
0.554579
0.983312
0.968593
0.882463
0.623911
0.475951
0.663473
0.938299
0.101907
0.692652
0.315280
0.374423
0.470866
0.080564
0.181362
0.995207
0.241586
0.275527
0.444797
0.035601
0.922237
0.657939
0.757046
0.045485
0.505683
0.048477
0.265678
0.770317
0.652283
0.373322
0.585220
0.206862
0.356634
0.553813
0.089325
0.980545
0.029765
0.752797
0.918844
0.131672
0.445450
0.234124
0.506095
0.916315
0.314688
0.687457
0.911523
0.556274
0.962984
0.356319
0.591875
0.885222
0.014259
0.348920
0.930707
0.519942
0.397397
0.196385
0.290259
0.049680
0.569708
0.875479
0.256542
0.926342
0.429292
0.345867
0.906887
0.459057
0.098665
0.825731
0.590729
0.544114
0.059855
0.096824
0.460430
0.374543
0.784281
0.371952
0.930817
0.747266
0.728272
0.522692
0.632487
0.742531
0.871612
0.563194
0.262473
0.269009
0.759579
0.552732
0.318690
0.329287
0.428211
0.575232
0.255629
0.857504
0.921099
0.162516
0.316561
0.019763
0.988247
0.907290
0.563878
0.048102
0.004114
0.024307
0.422645
0.788395
0.396259
0.353462
0.535661
0.124531
0.876153
0.168149
0.867062
0.747765
0.731343
0.129535
0.016775
0.490922
0.682267
0.335464
0.820209
0.110478
0.910696
0.075838
0.967981
0.831795
0.238353
0.284542
0.851558
0.226600
0.191832
0.415436
0.274702
0.195946
0.439743
0.697346
0.984341
0.836002
0.050808
0.520002
0.960534
0.926961
0.688151
0.827596
0.674727
0.419494
0.957131
0.691502
0.910416
0.639398
0.026966
0.730625
0.749875
0.937662
0.806463
0.717857
0.769457
0.044816
0.002399
0.621016
0.271416
0.194231
0.036452
0.546118
0.390176
0.476195
0.243464
0.374517
0.312197
0.294272
0.894519
0.272731
0.221234
0.582670
0.100327
0.895960
0.002164
0.057458
0.587462
0.912580
0.696855
0.614428
0.643205
0.446731
0.552090
0.449668
0.164588
0.321547
0.494484
0.166987
0.942563
0.765901
0.361217
0.979014
0.312018
0.751393
0.455209
0.555483
0.125911
0.767406
0.849755
0.020430
0.040137
0.070988
0.603100
0.140464
0.966949
0.605264
0.197922
0.554411
0.517844
0.894778
0.168839
0.161049
0.341509
0.720929
0.610717
0.506096
0.042476
0.105202
0.673083
0.985039
0.871102
0.034300
0.964053
0.183121
0.785693
0.419262
0.738603
0.911604
0.186669
0.588358
0.932034
0.226806
0.659346
0.535134
0.367270
0.626295
0.140398
0.565192
0.180705
0.658243
0.459970
0.349544
0.819292
0.801478
0.070473
0.430009
0.307575
0.112949
0.535211
0.980658
0.097988
0.406313
0.014958
0.062041
0.589434
0.800651
0.481303
0.328037
0.712255
0.667972
0.916395
0.644289
0.894778
0.575741
0.179423
0.262048
0.202036
0.319821
0.827241
0.382741
0.978064
0.287211
0.732286
0.797356
0.088689
0.802758
0.227365
0.396264
0.915707
0.762576
0.376921
0.013695
0.168889
0.391879
0.075736
0.758323
0.192530
0.557039
0.086360
0.904785
0.225011
0.002755
0.549074
0.119789
0.578496
0.728497
0.381838
0.780532
0.048318
0.209078
0.163273
0.026382
0.496289
0.895559
0.823738
0.584978
0.698317
0.051103
0.981242
0.614024
0.813678
0.358163
0.627719
0.982567
0.750043
0.703455
0.740889
0.942573
0.260494
0.827249
0.847358
0.485505
0.830004
0.396432
0.605294
0.408499
0.124929
0.987132
0.189031
0.173247
0.196210
0.352304
0.199629
0.692499
0.247862
0.023367
0.277477
0.946179
0.074470
0.258719
0.560204
0.888148
0.616883
0.187923
0.870715
0.366925
0.891378
0.611604
0.309498
0.151872
0.438853
0.156856
0.637377
0.268857
0.553288
0.242672
0.677356
0.678217
0.229804
0.866387
0.851464
0.426014
0.218691
0.051094
0.118513
0.466553
0.074461
0.395991
0.412733
0.148931
0.654710
0.972936
0.037079
0.271593
0.160859
0.907794
0.638519
0.052237
0.519399
0.948017
0.204109
0.958252
0.104873
0.841486
0.227109
0.658161
0.084157
0.904465
0.336379
0.313961
0.770852
0.187843
0.739975
0.989543
0.238937
0.858488
0.456096
0.313398
0.254479
0.868829
0.462329
0.909190
0.841765
0.499409
0.180783
0.002625
0.407203
0.819301
0.054862
0.926602
0.767318
0.258971
0.884854
0.872192
0.100456
0.111963
0.530353
0.184614
0.016429
0.866732
0.498575
0.787281
0.054575
0.238550
0.776824
0.293512
0.097039
0.232920
0.606910
0.351518
0.101749
0.069240
0.260708
0.943514
0.568648
0.441490
0.946139
0.975851
0.260792
0.001000
0.902453
0.028110
0.259971
0.787308
0.900302
0.360427
0.899271
0.430655
0.545041
0.915699
0.297387
0.043616
0.702980
0.351962
0.282166
0.479804
0.645474
0.379205
0.712724
0.252384
0.730723
0.814472
0.321624
0.991431
0.757987
0.890272
0.432921
0.704125
0.866123
0.693713
0.705126
0.768577
0.721823
0.965097
0.555884
0.622125
0.325524
0.455155
0.052780
0.870565
0.370854
0.350167
0.914182
0.073834
0.702130
0.196348
0.553638
0.347604
0.575553
0.266362
0.599988
0.306276
0.080834
0.921611
0.297707
0.838821
0.811883
0.730628
0.542946
0.678007
0.424341
0.248072
0.446584
0.146164
0.213168
0.002468
0.768289
0.538692
0.457623
0.821069
0.409258
0.828477
0.171237
0.323439
0.902312
0.873366
0.519787
0.455950
0.220970
0.095341
0.722312
0.820958
0.401617
0.803146
0.742569
0.699324
0.641966
0.554453
0.429952
0.184912
0.232459
0.854292
0.432984
0.679043
0.000456
0.646152
0.681511
0.768745
0.184844
0.139134
0.589815
0.594102
0.967611
0.761052
0.917541
0.869923
0.634418
0.437329
0.325873
0.855388
0.532669
0.048185
0.676346
0.934287
0.851330
0.418915
0.633610
0.493297
0.973367
0.063562
0.678209
0.205827
0.917855
0.111192
0.884870
0.918311
0.757344
0.566381
0.687056
0.942189
0.705515
0.276871
0.536291
0.673126
0.037922
0.453832
0.543050
0.672340
0.891161
0.868923
0.527728
0.423830
0.917108
0.204074
0.358117
0.768438
0.622989
0.991727
0.261734
0.596356
0.055289
0.939943
0.802183
0.973144
0.051135
0.687053
0.891455
0.808480
0.253433
0.578511
0.750669
0.958948
0.855381
0.286959
0.632074
0.893304
0.740791
0.175124
0.565644
0.631952
0.044047
0.093373
0.055782
0.961154
0.297447
0.413899
0.729592
0.920436
0.405626
0.991327
0.516792
0.460915
0.931270
0.318975
0.434059
0.982405
0.006027
0.325514
0.790885
0.259460
0.904024
0.541554
0.218408
0.759406
0.828513
0.850483
0.652710
0.569305
0.025607
0.218354
0.201257
0.069654
0.311727
0.257039
0.030808
0.609174
0.670938
0.760401
0.529609
0.076564
0.751728
0.046401
0.537479
0.682997
0.365376
0.971538
0.665403
0.371403
0.297052
0.456288
0.630863
0.201076
0.997842
0.849272
0.960482
0.826355
0.699755
0.613191
0.395659
0.725362
0.831545
0.596916
0.795016
0.143272
0.853955
0.825824
0.752446
0.524893
0.586225
0.282055
0.601457
0.337952
0.328457
0.138936
0.020950
0.693832
0.110474
0.686352
0.065235
0.407525
0.142640
0.696099
0.608601
0.140482
0.545371
0.569083
0.966837
0.245125
0.182274
0.362496
0.970487
0.013819
0.959412
0.765503
0.157091
0.813367
0.591327
0.909537
0.338260
0.177552
0.191592
0.939716
0.515505
0.520049
0.078652
0.536454
0.213881
0.189126
0.222807
0.279117
0.596651
0.365447
0.975216
0.205252
0.505928
0.520586
0.774335
0.472765
0.765712
0.956609
0.835261
0.736199
0.970428
0.794673
0.501702
0.127519
0.608040
0.093029
0.037056
0.946300
0.270581
0.228649
0.886017
0.786085
0.748698
0.964669
0.322540
0.962579
0.153794
0.545346
0.241696
0.750445
0.910793
0.216911
0.955698
0.416721
0.737498
0.730032
0.889486
0.503209
0.686641
0.724747
0.239408
0.657069
0.519421
0.741110
0.784588
0.127461
0.834138
0.821644
0.073761
0.104719
0.050293
0.959777
0.890804
0.798991
0.924446
0.213344
0.761570
0.078240
0.758690
0.003265
0.828686
0.669483
0.220177
0.784383
0.086205
0.957675
0.514416
0.975691
0.460884
0.201057
0.700438
0.700292
0.858126
0.219859
0.441401
0.642714
0.347320
0.275540
0.464358
0.421080
0.380259
0.514651
0.380858
0.271063
0.313642
0.305304
0.484407
0.075212
0.383544
0.243097
0.078477
0.212230
0.912581
0.298654
0.996613
0.998785
0.256329
0.511028
0.974476
0.717212
0.712085
0.674915
0.417504
0.570211
0.894774
0.858906
0.212925
0.242093
0.134446
0.677283
0.663174
0.514705
0.191935
0.044032
0.785768
0.505577
0.349335
0.270175
0.580788
0.732879
0.513273
0.659266
0.945109
0.425853
0.957920
0.941722
0.424638
0.214248
0.452750
0.399115
0.931461
0.164835
0.074029
0.348965
0.735046
0.968803
0.207870
0.947971
0.210897
0.342316
0.625254
0.874071
0.857021
0.817188
0.918102
0.642788
0.322765
0.267438
0.912964
0.903553
0.000317
0.426236
0.562819
0.945426
0.852089
0.520738
0.887148
0.276728
0.734986
0.339898
0.675842
0.666447
0.504733
0.749872
0.015412
0.239779
0.718675
0.223282
0.187750
0.929572
0.565598
0.813003
0.803643
0.422619
0.630191
0.721745
0.065407
0.952956
0.989183
0.978371
0.856509
0.989500
0.404607
0.419328
0.934926
0.256696
0.940066
0.822074
0.533424
0.675052
0.161972
0.209266
0.341499
0.666706
0.959138
0.356911
0.906485
0.677813
0.580193
0.094234
0.607385
0.145791
0.907238
0.411028
0.568410
0.537429
0.132773
0.633817
0.490385
0.121955
0.612188
0.346894
0.111455
0.016795
0.766222
0.046381
0.273491
0.706288
0.868455
0.806915
0.381340
0.030427
0.016181
0.722839
0.697133
0.975319
0.079750
0.603617
0.653133
0.659943
0.697852
0.260518
0.805735
0.605090
0.671546
0.374145
0.142519
0.804318
0.007962
0.632904
0.926274
0.620150
0.979798
0.037729
0.636945
0.746020
0.084110
0.910436
0.452308
0.952565
0.717351
0.833648
0.982992
0.733532
0.556487
0.680124
0.708851
0.636237
0.283742
0.361984
0.296180
0.981594
0.622502
0.101915
0.586683
0.294048
0.476060
0.729202
0.098366
0.484021
0.362105
0.024639
0.104172
0.341903
0.062368
0.741116
0.087923
0.146478
0.651552
0.540231
0.099042
0.368903
0.373879
0.082034
0.102435
0.930366
0.762158
0.811286
0.566603
0.045900
0.173270
0.862784
0.027494
0.795772
0.964698
0.614177
0.089820
0.440758
0.343378
0.188186
0.924779
0.705484
0.212826
0.028951
0.047387
0.275194
0.770067
0.135311
0.421671
0.421620
0.675542
0.520714
0.790523
0.049421
0.602748
0.892958
0.979787
0.364906
0.704244
0.546390
0.410806
0.877515
0.409173
0.438299
0.673287
0.373872
0.052476
0.763107
0.814630
0.395854
0.951293
0.739409
0.101338
0.164119
0.768360
0.148725
0.439313
0.538427
0.284036
0.860984
0.960047
0.959578
0.381698
0.750570
0.008998
0.984445
0.643528
0.988785
0.349351
0.347772
0.535175
0.760157
0.225287
0.944348
0.198456
0.898574
0.318220
0.250933
0.661682
0.132850
0.646787
0.612975
0.872259
0.748125
0.777094
0.640618
0.896851
0.216407
0.179046
0.180887
0.077391
0.139093
0.140464
0.459088
0.889662
0.149463
0.443533
0.533190
0.138248
0.792884
0.880962
0.673422
0.553041
0.106249
0.617770
0.751498
0.004823
0.935990
0.002430
0.666505
0.068840
0.649217
0.279480
0.941098
0.397343
0.056574
0.581717
0.294193
0.272980
0.760762
0.475080
0.350371
0.899855
0.615544
0.809459
0.789517
0.765007
0.252993
0.322707
0.903254
0.045877
0.203669
0.576677
0.598918
0.309918
0.194447
0.350416
0.314741
0.130437
0.352846
0.981245
0.199277
0.002064
0.260725
0.140376
0.399406
0.317298
0.722092
0.693599
0.590279
0.482855
0.168679
0.940650
0.382710
0.784224
0.750109
0.172227
0.549231
0.003102
0.494934
0.452485
0.048980
0.698603
0.029162
0.647898
0.008521
0.223609
0.998314
0.323261
0.354046
0.351161
0.304506
0.553324
0.353224
0.565231
0.693699
0.752631
0.882530
0.415792
0.446230
0.472809
0.898647
0.614909
0.413459
0.281356
0.399133
0.163568
0.453583
0.948364
0.166671
0.948517
0.400849
0.215650
0.647120
0.430011
0.863548
0.655641
0.653620
0.861862
0.978902
0.007666
0.213023
0.283408
0.560990
0.566247
0.848640
0.254689
0.318878
0.731169
0.670481
0.765108
0.203978
0.569128
0.380017
0.617437
0.850484
0.779151
0.781005
0.304067
0.727514
0.947676
0.252585
0.128363
0.163326
0.899705
0.558374
0.026874
0.555345
0.211994
0.888736
0.534247
0.219660
0.101759
0.817655
0.780650
0.668006
0.666295
0.035339
0.986884
0.397464
0.705820
0.751992
0.601442
0.274948
0.132010
0.218879
0.125433
0.911160
0.999884
0.429500
0.638675
0.947560
0.682085
0.767038
0.110885
0.581789
0.325412
0.137759
0.137135
0.537405
0.026495
0.671382
0.757065
0.128254
0.489037
0.537715
0.796261
0.155332
0.573054
0.783145
0.552796
0.278875
0.535137
0.154238
0.553823
0.667147
0.373117
0.679256
0.578307
0.373001
0.108756
0.216982
0.320561
0.790841
0.984020
0.431446
0.372630
0.309431
0.569205
0.509765
0.846836
0.595701
0.181146
0.603902
0.723955
0.670183
0.141616
0.520216
0.825515
0.714670
0.303361
0.378311
0.993545
0.838498
0.532549
0.547368
0.505646
0.905667
0.226624
0.083953
0.278668
0.335379
0.300935
0.599229
0.126220
0.284954
0.030675
0.498850
0.594385
0.599881
0.008614
0.441222
0.195581
0.189761
0.045123
0.919536
0.859944
0.186740
0.439752
0.685459
0.901410
0.743113
0.063769
0.894955
0.581612
0.596319
0.442323
0.087257
0.501985
0.668947
0.171210
0.780653
0.004326
0.472145
0.379882
0.130546
0.757099
0.410558
0.629396
0.351484
0.010438
0.638010
0.792706
0.206020
0.827771
0.837829
0.125556
0.687714
0.024569
0.565308
0.373173
0.925979
0.308422
0.436942
0.820934
0.890033
0.033261
0.263257
0.977291
0.535246
0.932204
0.148501
0.315900
0.936530
0.620646
0.695782
0.067075
0.377745
0.106339
0.696471
0.729229
0.116778
0.334481
0.521935
0.322797
0.162252
0.359764
0.448353
0.849966
0.384333
0.013662
0.223139
0.310312
0.322084
0.660082
0.131247
0.212117
0.693343
0.394504
0.189408
0.228589
0.326708
0.337909
0.544489
0.263237
0.958555
0.240271
0.330313
0.336299
0.346610
0.026784
0.065528
0.463387
0.361265
0.587463
0.786185
0.523517
0.947228
0.234538
0.373483
0.331561
0.248200
0.596623
0.641873
0.570284
0.256705
0.773120
0.782401
0.950047
0.167624
0.971808
0.178637
0.494332
0.309717
0.723126
0.757569
0.268272
0.963396
0.087882
0.604571
0.310006
0.114666
0.670100
0.773394
0.475931
0.257563
0.559578
0.999448
0.204791
0.794117
0.372931
0.536352
0.042317
0.969554
0.178225
0.612600
0.226258
0.951345
0.395001
0.176306
0.118969
0.366809
0.354943
0.613301
0.676526
0.078068
0.370870
0.944798
0.041464
0.458752
0.549370
0.351470
0.573417
0.219469
0.124864
0.049348
0.477032
0.684442
0.048796
0.681823
0.478559
0.421727
0.218175
0.520875
0.391281
0.396400
0.133475
0.617539
0.347746
0.528476
0.793845
0.466715
0.895285
0.148788
0.080016
0.571811
0.226856
0.450886
0.516609
0.268320
0.909637
0.065979
0.619791
0.483054
0.285448
0.744655
0.532402
0.762481
0.429097
0.581198
0.444304
0.907656
0.002925
0.662479
0.428531
0.394205
0.058879
0.562006
0.011744
0.406624
0.090482
0.805590
0.873339
0.985767
0.954377
0.953355
0.557578
0.181234
0.404241
0.074188
0.449554
0.313878
0.140166
0.069345
0.796933
0.425615
0.814000
0.329335
0.188095
0.243097
0.910533
0.632399
0.150753
0.913457
0.294878
0.579284
0.307663
0.353756
0.141290
0.319407
0.760381
0.231772
0.124997
0.633720
0.217539
0.079374
0.587076
0.775118
0.260608
0.991316
0.849305
0.710162
0.305195
0.989472
0.779507
0.102127
0.415086
0.593506
0.431462
0.603181
0.836603
0.341995
0.235580
0.987355
0.255452
0.530458
0.566639
0.563114
0.884214
0.707929
0.882521
0.644595
0.939701
0.007518
0.278316
0.157241
0.086892
0.865391
0.932358
0.347500
0.856708
0.781664
0.057662
0.161902
0.771135
0.837168
0.264029
0.186221
0.430674
0.695491
0.789403
0.267277
0.037486
0.024983
0.254632
0.292937
0.555441
0.821271
0.856052
0.439655
0.529200
0.738573
0.084251
0.468902
0.746091
0.362566
0.626142
0.832984
0.227957
0.558501
0.180483
0.084665
0.340164
0.238145
0.246567
0.111299
0.075313
0.510596
0.297521
0.505987
0.206087
0.086924
0.773264
0.243573
0.111907
0.027897
0.536510
0.667348
0.849168
0.392562
0.107003
0.378369
0.131135
0.191253
0.847271
0.877227
0.553819
0.473413
0.710210
0.781777
0.031914
0.890694
0.866441
0.372078
0.128839
0.113008
0.483377
0.204152
0.623604
0.780898
0.710139
0.829691
0.867821
0.483403
0.073264
0.979728
0.511300
0.609775
0.647076
0.360469
0.002337
0.754078
0.738838
0.133472
0.945332
0.586108
0.010699
0.499151
0.059521
0.720909
0.280928
0.091435
0.611602
0.147369
0.463513
0.740441
0.260377
0.946890
0.944593
0.883982
0.727788
0.654732
0.713673
0.595609
0.138135
0.786937
0.575337
0.649435
0.396712
0.222413
0.009904
0.399049
0.976491
0.748742
0.532521
0.921823
0.334850
0.543220
0.420974
0.394371
0.264129
0.701901
0.485806
0.875731
0.849270
0.949319
0.616172
0.109647
0.896209
0.560765
0.993629
0.623996
0.215497
0.707302
0.219606
0.353632
0.494239
0.794943
0.003067
0.890951
0.017356
0.012971
0.290000
0.993847
0.761713
0.822521
0.915670
0.096563
0.365741
0.336643
0.490935
0.629869
0.038545
0.976741
0.505601
0.887815
0.926059
0.121773
0.997462
0.822268
0.682538
0.991091
0.446264
0.898034
0.698393
0.665870
0.251666
0.192633
0.460813
0.254733
0.083584
0.478169
0.267704
0.373584
0.472016
0.029417
0.196105
0.387686
0.125980
0.561846
0.724329
0.616915
0.191716
0.762874
0.593656
0.697316
0.650689
0.519715
0.819089
0.648151
0.341983
0.501627
0.639242
0.788247
0.399661
0.337636
0.454117
0.651327
0.530269
0.914930
0.906060
0.613852
0.393099
0.173764
0.987437
0.865115
0.203181
0.183542
0.252800
0.329162
0.745388
0.977129
0.946077
0.937103
0.740003
0.539732
0.634420
0.390692
0.059447
0.453509
0.038843
0.401430
0.955135
0.678085
0.189677
0.354796
0.015721
0.643794
0.006123
0.545989
0.558724
0.912183
0.159842
0.951823
0.085947
0.147278
0.816938
0.289128
0.330820
0.069738
0.618290
0.076208
0.046867
0.564366
0.013311
0.786870
0.104099
0.647731
0.177562
0.163546
0.101240
0.216404
0.564975
0.056375
0.894490
0.754652
0.411171
0.910210
0.398447
0.417295
0.456200
0.957171
0.329478
0.616042
0.908994
0.415425
0.763320
0.725932
0.704553
0.094141
0.795670
0.322843
0.170349
0.842538
0.887210
0.183660
0.629408
0.991308
0.831391
0.806970
0.154854
0.932631
0.023374
0.719829
0.989005
0.917864
0.474482
0.400177
0.828074
0.872928
0.817471
0.284274
0.830099
0.146949
0.900316
0.739093
0.562374
0.663636
0.465025
0.266927
0.757776
0.260695
0.589770
0.928125
0.103233
0.476980
0.111785
0.732641
0.468288
0.943176
0.539611
0.623142
0.875807
0.562985
0.342971
0.864812
0.480849
0.817452
0.264989
0.308923
0.690381
0.082460
0.593197
0.520480
0.229409
0.493513
0.259573
0.791783
0.157148
0.724598
0.058710
0.914925
0.985293
0.648480
0.843050
0.088526
0.125460
0.954835
0.821167
0.593748
0.898011
0.360777
0.216890
0.773818
0.923762
0.559861
0.638630
0.404611
0.377313
0.903618
0.713534
0.067694
0.986078
0.306730
0.588173
0.215487
0.800243
0.847746
0.007270
0.957391
0.572344
0.065980
0.872316
0.557637
0.714460
0.715366
0.646162
0.839920
0.670201
0.467329
0.433668
0.568212
0.828106
0.650558
0.342030
0.751868
0.210419
0.980660
0.156479
0.587732
0.884278
0.870013
0.655426
0.870356
0.176743
0.243599
0.085843
0.976986
0.091345
0.093113
0.934378
0.663689
0.159093
0.806694
0.221325
0.873554
0.522060
0.867487
0.713474
0.192261
0.334816
0.147142
0.760473
0.162923
0.797700
0.102503
0.914791
0.008119
0.083162
0.071270
0.595851
0.967440
0.941283
0.251277
0.837796
0.118027
0.494876
0.923640
0.095013
0.586221
0.016753
0.029390
0.249909
0.175846
0.836084
0.471234
0.049400
0.358144
0.338722
0.762874
0.550405
0.673538
0.910016
0.310878
0.836461
0.707716
0.413381
0.751252
0.715835
0.496543
0.822522
0.311686
0.463984
0.763805
0.562963
0.301780
0.881832
0.057839
0.225420
0.976845
0.644059
0.242173
0.006235
0.893968
0.418019
0.842319
0.365202
0.467419
0.200463
0.703924
0.230293
0.750868
0.377462
0.140309
0.061746
0.213922
0.848026
0.475127
0.965174
0.563861
0.971670
0.787696
0.875548
0.435653
0.551502
0.438510
0.737433
0.433333
0.496349
0.962853
0.410178
0.140408
0.205026
0.416413
0.034376
0.623046
0.258732
0.399578
0.090465
0.459195
0.103502
0.320758
0.210063
0.480964
0.461067
0.271809
0.694887
0.309093
0.746935
0.660061
0.872954
0.718605
0.447757
0.748502
0.154259
0.999259
0.187012
0.891692
0.432592
0.683361
0.854545
0.842770
0.823769
0.059572
0.259183
0.858145
0.682617
0.517915
0.257723
0.773082
0.977110
0.361226
0.093840
0.187173
0.842190
0.554907
0.458982
0.537076
0.864000
0.205918
0.197137
0.736954
0.924523
0.644894
0.485456
0.078781
0.644153
0.672468
0.970474
0.076745
0.355829
0.825019
0.919515
0.179598
0.884590
0.178698
0.037743
0.567207
0.696614
0.295466
0.340289
0.673724
0.656692
0.434129
0.860897
0.498882
0.989036
0.319880
0.035958
0.853036
0.525797
0.233096
0.589990
0.450320
0.877990
0.075446
0.529102
0.522143
0.747914
0.499575
0.598888
0.103742
0.324594
0.518403
0.283340
0.209184
0.697101
0.321083
0.776392
0.393715
0.616549
0.116681
0.067438
0.273241
0.550810
0.928336
0.772123
0.539847
0.248216
0.808081
0.392883
0.774013
0.041177
0.982873
0.224333
0.919167
0.058319
0.753435
0.441309
0.806233
0.253010
0.040197
0.909975
0.577605
0.558600
0.193315
0.786789
0.255701
0.514398
0.563181
0.649415
0.130947
0.679862
0.716854
0.404188
0.230672
0.645189
0.176311
0.770519
0.893405
0.984392
0.163402
0.667418
0.025568
0.146275
0.891751
0.944735
0.204594
0.645186
0.386044
0.010827
0.898197
0.426241
0.920802
0.475802
0.984841
0.114117
0.262591
0.240541
0.628514
0.825772
0.889956
0.759461
0.505634
0.606810
0.163649
0.736306
0.251999
0.339959
0.506825
0.145404
0.324351
0.670227
0.812822
0.349919
0.816501
0.704573
0.294654
0.021095
0.349760
0.680698
0.031922
0.247957
0.106939
0.952724
0.723758
0.091780
0.066840
0.986349
0.332321
0.695354
0.812120
0.222277
0.454815
0.317754
0.829087
0.618464
0.054060
0.081086
0.958423
0.560885
0.226490
0.282774
0.231112
0.039312
0.632693
0.047613
0.743885
0.927347
0.068709
0.093645
0.608045
0.100631
0.341602
0.714985
0.053354
0.065360
0.806765
0.120194
0.051709
0.139086
0.815549
0.863829
0.361363
0.270364
0.181583
0.190449
0.888828
0.235644
0.271535
0.847251
0.796529
0.498025
0.130025
0.027641
0.537337
0.762718
0.075254
0.281222
0.690065
0.143963
0.374867
0.298110
0.244594
0.716469
0.013095
0.297948
0.781829
0.819859
0.418143
0.833538
0.958945
0.233692
0.697367
0.320308
0.504056
0.878951
0.510757
0.392884
0.114595
0.782293
0.240135
0.911124
0.280318
0.370160
0.938765
0.817655
0.132877
0.014019
0.098877
0.822942
0.157982
0.473745
0.121052
0.402576
0.190214
0.134146
0.700525
0.972043
0.954006
0.118668
0.805581
0.912951
0.352359
0.502948
0.233259
0.856415
0.381899
0.744016
0.249299
0.496494
0.526309
0.489434
0.407617
0.806626
0.859594
0.346382
0.624281
0.992471
0.360401
0.723159
0.815413
0.518383
0.196903
0.936464
0.920960
0.387117
0.070611
0.621484
0.359160
0.024617
0.740152
0.164741
0.937568
0.092511
0.667690
0.170826
0.948927
0.049589
0.914842
0.198226
0.546083
0.441151
0.687660
0.953700
0.247777
0.547254
0.300082
0.872058
0.539725
0.660483
0.595217
0.355137
0.178866
0.792120
0.291602
0.099826
0.179238
0.362212
0.721310
0.538398
0.386829
0.461462
0.703139
0.324397
0.553973
0.370829
0.495223
0.502900
0.420418
0.410065
0.701126
0.966501
0.851216
0.388786
0.920201
0.098993
0.936039
0.220282
0.971051
0.475764
0.880765
0.566268
0.830901
0.059631
0.358388
0.122503
0.159457
0.537626
0.484716
0.880767
0.076024
0.871545
0.342229
0.779163
0.195941
0.896202
0.149992
0.691164
0.399102
0.570411
0.101229
0.100228
0.536911
0.952445
0.489013
0.457112
0.051438
0.425053
0.677394
0.022489
0.900817
0.558159
0.588757
0.731719
0.617790
0.947145
0.854222
0.777247
0.484771
0.338937
0.658013
0.560795
0.210482
0.000242
0.339958
0.406423
0.896444
0.489950
0.097588
0.295546
0.060361
0.198817
0.395774
0.597272
0.151262
0.884788
0.054384
0.202700
0.309841
0.731778
0.225189
0.210658
0.289937
0.813946
0.942376
0.907727
0.761091
0.796598
0.684973
0.245862
0.135535
0.342987
0.806657
0.346017
0.343229
0.146615
0.752441
0.239673
0.636565
0.850028
0.535219
0.696925
0.048845
0.930994
0.294197
0.200107
0.815782
0.348581
0.402807
0.125622
0.080359
0.627996
0.336280
0.370295
0.441942
0.278656
0.278022
0.203033
0.075254
0.962995
0.448895
0.210790
0.305982
0.255552
0.556807
0.649211
0.402167
0.309248
0.888884
0.038732
0.159276
0.424103
0.735657
0.208121
0.355097
0.029854
0.408228
0.170878
0.378435
0.811034
0.296501
0.458793
0.439030
0.632781
0.829089
0.880971
0.911437
0.107111
0.084004
0.986691
0.070106
0.532900
0.197481
0.376088
0.788452
0.754287
0.025299
0.190619
0.063535
0.914183
0.229350
0.222811
0.338286
0.965008
0.430932
0.693383
0.994862
0.839159
0.864261
0.373297
0.650193
0.160762
0.832090
0.089223
0.793542
0.661179
0.970195
0.704979
0.768290
0.054199
0.691670
0.838396
0.587099
0.889151
0.214484
0.375550
0.643438
0.239783
0.566169
0.706973
0.153966
0.795519
0.929784
0.492252
0.760527
0.360716
0.185634
0.755389
0.199875
0.049896
0.128685
0.850068
0.210657
0.960775
0.939291
0.004200
0.621954
0.909486
0.709179
0.390244
0.963685
0.400849
0.228640
0.550784
0.290000
0.443124
0.926334
0.933438
0.682907
0.492503
0.640412
0.836873
0.288022
0.570196
0.329125
0.048549
0.930911
0.514759
0.803938
0.130786
0.564655
0.932623
0.980854
0.775312
0.893399
0.920146
0.779512
0.515353
0.829632
0.488691
0.905597
0.793317
0.889540
0.134237
0.344100
0.179540
0.577361
0.270434
0.112978
0.260268
0.762937
0.753390
0.097141
0.050959
0.323586
0.426266
0.099509
0.254497
0.941025
0.903447
0.385283
0.505680
0.836070
0.366137
0.280992
0.729468
0.286283
0.060504
0.244821
0.115914
0.549195
0.150418
0.909231
0.438735
0.284655
0.253331
0.618275
0.862016
0.523766
0.731253
0.122284
0.286702
0.484643
0.219425
0.337662
0.808229
0.645692
0.437170
0.062726
0.586717
0.340617
0.448009
0.092397
0.176686
0.814146
0.373389
0.906155
0.100429
0.433893
0.150976
0.216343
0.983087
0.301394
0.125574
0.421822
0.586049
0.378906
0.040096
0.448064
0.902671
0.771350
0.570348
0.189374
0.255993
0.789774
0.527035
0.064221
0.435465
0.964205
0.126947
0.022182
0.304822
0.574956
0.114579
0.481508
0.389101
0.487968
0.387663
0.489530
0.921860
0.538639
0.705873
0.904947
0.840034
0.831447
0.326769
0.426083
0.210353
0.366866
0.874147
0.113025
0.138215
0.444495
0.302398
0.394208
0.234269
0.829433
0.458429
0.669734
0.793639
0.585376
0.691916
0.098461
0.160332
0.806495
0.579969
0.549433
0.294463
0.967632
0.038963
0.216323
0.506272
0.744836
0.121271
0.346306
0.576284
0.448040
0.772388
0.786637
0.814905
0.646535
0.899662
0.953120
0.091030
0.202060
0.347328
0.325299
0.031493
0.805757
0.995033
0.825132
0.391133
0.686949
0.923593
0.551465
0.493443
0.503562
0.100898
0.787906
0.471194
0.139861
0.004229
0.977466
0.884698
0.125500
0.323772
0.460982
0.573540
0.096160
0.247619
0.388445
0.742695
0.147281
0.341565
0.833725
0.349340
0.688894
0.159024
0.380834
0.494651
0.154056
0.205966
0.885784
0.841005
0.129559
0.437249
0.334448
0.633121
0.538148
0.122354
0.104315
0.678009
0.126584
0.081782
0.562707
0.252084
0.405553
0.023689
0.825623
0.501713
0.271308
0.214068
0.244408
0.418588
0.555634
0.078133
0.767929
0.244527
0.237157
0.148762
0.739178
0.391213
0.354728
0.624963
0.232218
0.484287
0.062212
0.566666
0.117408
0.600360
0.689021
0.221723
0.278369
0.815604
0.303505
0.841076
0.067688
0.709058
0.864765
0.893312
0.210772
0.136072
0.107380
0.455180
0.554660
0.663014
0.533313
0.322589
0.907541
0.770469
0.471351
0.646719
0.161682
0.826080
0.271682
0.393900
0.310367
0.333894
0.960567
0.427775
0.934254
0.649587
0.649498
0.212622
0.465191
0.953003
0.053698
0.532880
0.662061
0.918463
0.426191
0.872833
0.054535
0.533571
0.328013
0.609195
0.196585
0.861325
0.931784
0.104126
0.631795
0.403136
0.750846
0.793477
0.229215
0.022528
0.187378
0.539582
0.356422
0.147944
0.967357
0.290675
0.797531
0.616855
0.503298
0.262723
0.569858
0.556996
0.795602
0.231919
0.475459
0.221793
0.104752
0.529994
0.755365
0.432765
0.139189
0.951950
0.294090
0.070973
0.056076
0.925885
0.474109
0.806922
0.719362
0.703324
0.829449
0.906740
0.242906
0.185871
0.054684
0.210262
0.476546
0.852215
0.827117
0.979844
0.114938
0.396975
0.536840
0.910540
0.628894
0.012298
0.132333
0.733647
0.542292
0.887698
0.166412
0.681481
0.839648
0.460502
0.752454
0.895724
0.386387
0.226563
0.702645
0.105749
0.929887
0.532095
0.012489
0.172793
0.717965
0.067173
0.383055
0.194512
0.919388
0.210173
0.174355
0.034325
0.607148
0.711195
0.944865
0.236042
0.723493
0.077199
0.969689
0.265785
0.964897
0.136100
0.947266
0.804545
0.596602
0.699721
0.700269
0.982989
0.926284
0.402914
0.088738
0.856171
0.935008
0.101227
0.028964
0.652974
0.168399
0.412020
0.847485
0.087787
0.622192
0.021841
0.122112
0.229340
0.733035
0.066978
0.465382
0.456528
0.144177
0.435070
0.722313
0.109074
0.571171
0.669579
0.913618
0.167773
0.369300
0.613887
0.150761
0.295584
0.016801
0.239499
0.151755
0.951809
0.340726
0.180720
0.604783
0.509125
0.592740
0.452268
0.596912
0.214932
0.474109
0.719024
0.444272
0.207144
0.786002
0.909654
0.663672
0.930179
0.344724
0.385986
0.039252
0.915894
0.055565
0.952871
0.083667
0.424865
0.566757
0.234429
0.720449
0.583558
0.473928
0.872205
0.535367
0.814654
0.052924
0.140150
0.323779
0.645664
0.592418
0.920691
0.860596
0.066526
0.639716
0.304868
0.273670
0.425718
0.214521
0.937343
0.355896
0.559245
0.323328
0.395149
0.475140
0.378893
0.348019
0.558807
0.803758
0.914777
0.793236
0.524208
0.498335
0.267163
0.396412
0.033702
0.081817
0.449337
0.173852
0.405596
0.095001
0.766270
0.326288
0.955597
0.832796
0.966003
0.260465
0.106466
0.391721
0.474986
0.043809
0.747617
0.034232
0.367137
0.142766
0.509371
0.746030
0.490785
0.068178
0.549789
0.405561
0.861414
0.073997
0.903896
0.128577
0.470409
0.937598
0.210395
0.919746
0.111450
0.615991
0.014747
0.877719
0.942278
0.970343
0.710515
0.908282
0.230808
0.816982
0.300003
0.705794
0.860790
0.047620
0.740026
0.227927
0.190386
0.249397
0.973958
0.681170
0.317576
0.523746
0.086732
0.178989
0.597743
0.990628
0.307567
0.068152
0.928226
0.517961
0.987897
0.039675
0.133952
0.002644
0.917394
0.076230
0.972987
0.627910
0.984512
0.203796
0.444891
0.284515
0.909590
0.305681
0.332134
0.649616
0.533609
0.522520
0.899013
0.507566
0.203690
0.216589
0.031313
0.290422
0.395578
0.629055
0.281050
0.703145
0.697207
0.209276
0.221106
0.685104
0.248951
0.355058
0.687748
0.166345
0.431288
0.660736
0.794255
0.415800
0.864531
0.239146
0.700315
0.774121
0.544827
0.032449
0.423737
0.078436
0.554969
0.322750
0.586002
0.758659
0.539339
0.617315
0.049082
0.934917
0.246370
0.330131
0.638062
0.943577
0.539407
0.859168
0.628682
0.788358
0.214226
0.316430
0.954703
0.645514
0.977166
0.748957
0.061314
0.841697
0.988103
0.761629
0.615819
0.532930
0.794079
0.039556
0.611366
0.349048
0.362307
0.197368
0.107707
0.901646
0.814683
0.156789
0.836563
0.061053
0.486920
0.474625
0.004630
0.026327
0.333793
0.633312
0.814685
0.548018
0.949742
0.769388
0.193532
0.926908
0.518345
0.254847
0.768605
0.506448
0.016476
0.384424
0.039379
0.810555
0.423980
0.650745
0.159603
0.786287
0.848113
0.267310
0.687932
0.662796
0.424099
0.524495
0.723849
0.911019
0.999120
0.728479
0.937347
0.332913
0.361790
0.752031
0.880931
0.311532
0.521419
0.074463
0.238440
0.039764
0.329310
0.007045
0.546212
0.345786
0.391469
0.585591
0.156341
0.815449
0.236336
0.315944
0.601735
0.084449
0.583254
0.289668
0.747244
0.007353
0.814163
0.471093
0.918372
0.813283
0.199572
0.855719
0.146195
0.561363
0.607750
0.027126
0.872895
0.129169
0.101589
0.111334
0.168933
0.430899
0.118379
0.715146
0.776685
0.509848
0.300737
0.933026
0.325297
0.537072
0.248970
0.927032
0.621521
0.832224
0.216700
0.368765
0.839577
0.030862
0.839859
0.757949
0.844145
0.039431
0.613668
0.990341
0.600793
0.221418
0.017467
0.473688
0.350587
0.119056
0.585022
0.519520
0.549955
0.703401
0.234666
0.326641
0.213249
0.535403
0.259667
0.538546
0.072475
0.508637
0.465578
0.693996
0.340862
0.682277
0.062761
0.180438
0.713140
0.902620
0.938388
0.557285
0.942050
0.552055
0.547626
0.542843
0.773473
0.565093
0.016531
0.124060
0.684149
0.601553
0.643580
0.234104
0.304955
0.878246
0.560745
0.518204
0.413649
0.820412
0.056750
0.486124
0.329050
0.522327
0.180119
0.669911
0.204604
0.242880
0.850350
0.917744
0.145500
0.788737
0.475029
0.087550
0.340793
0.022655
0.630394
0.114266
0.587747
0.646925
0.238326
0.271896
0.248478
0.881906
0.506001
0.553433
0.760152
0.066746
0.071637
0.173801
0.887158
0.128386
0.659925
0.216208
0.650714
0.840044
0.886119
0.855318
0.082924
0.736469
0.773062
0.228424
0.525206
0.248091
0.315975
0.865999
0.270745
0.946368
0.980264
0.858493
0.593293
0.218590
0.130389
0.841771
0.100496
0.636389
0.395204
0.860648
0.703135
0.466841
0.034449
0.590293
0.595227
0.694373
0.806501
0.245941
0.534417
0.692620
0.101259
0.617342
0.429089
0.874321
0.845766
0.954295
0.122412
0.161741
0.820294
0.393157
0.108109
0.800559
0.251650
0.701402
0.019149
0.382039
0.543173
0.119645
0.018428
0.938377
0.980292
0.721563
0.405217
0.014741
0.311856
0.000445
0.709114
0.118357
0.246385
0.243531
0.810977
0.347644
0.860873
0.240066
0.221965
0.706639
0.194361
0.344377
0.868379
0.014655
0.737535
0.976488
0.815214
0.989184
0.677890
0.834363
0.371223
0.221063
0.954008
0.389651
0.159439
0.934300
0.111214
0.564657
0.949041
0.423069
0.565101
0.658155
0.541426
0.811487
0.901687
0.352403
0.159131
0.762560
0.592468
0.381096
0.469199
0.786830
0.725474
0.337578
0.801485
0.463008
0.314066
0.616699
0.452193
0.991956
0.451062
0.823416
0.213018
0.405070
0.213067
0.372458
0.339370
0.324280
0.937114
0.288411
0.747350
0.502216
0.946566
0.288776
0.313702
0.848253
0.641178
0.472833
0.610813
0.233647
0.853930
0.080011
0.020477
0.579403
0.417589
0.821962
0.042412
0.731655
0.438661
0.494605
0.723611
0.889723
0.318021
0.936630
0.294793
0.531087
0.309087
0.634163
0.855368
0.246202
0.922574
0.602718
0.748417
0.869140
0.891493
0.062120
0.717394
0.532672
0.534953
0.328206
0.766319
0.388883
0.408218
0.786795
0.968286
0.825807
0.608757
0.010698
0.557463
0.047418
0.505303
0.281074
0.937142
0.823323
0.217704
0.231935
0.354411
0.526791
0.866098
0.209779
0.772993
0.788672
0.812496
0.521410
0.657813
0.703990
0.583530
0.375206
0.236661
0.118483
0.703413
0.002980
0.507366
0.111631
0.789776
0.475652
0.937438
0.398533
0.486350
0.494900
0.445951
0.991652
0.775974
0.383093
0.814976
0.993678
0.615028
0.169386
0.520469
0.481126
0.379165
0.293461
0.269798
0.191661
0.814871
0.927611
0.895651
0.398401
0.302817
0.132312
0.516884
0.006230
0.135292
0.024249
0.117861
0.925068
0.499901
0.055298
0.323601
0.986251
0.550199
0.769551
0.977903
0.326173
0.152644
0.792879
0.319850
0.767672
0.962266
0.840319
0.248798
0.341431
0.133780
0.518596
0.533092
0.948652
0.446207
0.428743
0.347053
0.749024
0.561055
0.863937
0.755254
0.696347
0.888186
0.873115
0.621415
0.388088
0.928413
0.945016
0.374339
0.478612
0.714567
0.352242
0.804785
0.867211
0.145121
0.124635
0.634883
0.107387
0.964954
0.883681
0.448818
0.098735
0.402277
0.981909
0.047386
0.848483
0.410652
0.394439
0.597508
0.971707
0.258376
0.352762
0.668054
0.146562
0.225877
0.289470
0.534650
0.154290
0.234486
0.908988
0.632902
0.949053
0.261230
0.437687
0.816264
0.406352
0.562322
0.451148
0.513739
0.527277
0.334828
0.962556
0.626011
0.737105
0.944466
0.673397
0.585588
0.355118
0.067837
0.183096
0.326825
0.326213
0.535858
0.994879
0.472775
0.761735
0.284349
0.007425
0.916025
0.518835
0.916413
0.548927
0.467887
0.177644
0.986615
0.284152
0.583995
0.548937
0.735299
0.097734
0.076214
0.070128
0.060290
0.702225
0.807232
0.004756
0.375622
0.392821
0.359874
0.443459
0.575917
0.686698
0.769672
0.111775
0.681578
0.242446
0.873509
0.965927
0.249871
0.789535
0.484761
0.166284
0.338462
0.952649
0.343928
0.325077
0.236800
0.927924
0.874014
0.972100
0.025658
0.950227
0.042227
0.085948
0.652452
0.849460
0.090704
0.028074
0.242280
0.450577
0.471533
0.818197
0.137276
0.241205
0.929972
0.818853
0.483651
0.803481
0.784780
0.733523
0.593016
0.269541
0.899807
0.931478
0.222190
0.243735
0.256554
0.458990
0.171659
0.130568
0.431090
0.197317
0.080795
0.473317
0.283265
0.733247
0.322777
0.373968
0.761322
0.565057
0.824546
0.232855
0.383254
0.961821
0.474060
0.313226
0.780675
0.957712
0.116707
0.565455
0.691234
0.709723
0.834996
0.591041
0.641201
0.057185
0.834777
0.897755
0.516175
0.006435
0.028323
0.947264
0.203752
0.109118
0.420581
0.487017
0.842366
0.743358
0.860985
0.603688
0.308415
0.685531
0.836543
0.691669
0.647352
0.310603
0.004895
0.428027
0.268315
0.121602
0.993482
0.959549
0.831325
0.828477
0.550590
0.472526
0.885663
0.385367
0.370281
0.401838
0.391802
0.398604
0.349102
0.595555
0.507722
0.769683
0.082571
0.350088
0.513041
0.943557
0.953776
0.821456
0.629088
0.790318
0.513125
0.276440
0.100922
0.518020
0.704467
0.369236
0.639622
0.697949
0.328785
0.470947
0.526427
0.879376
0.943473
0.412089
0.264743
0.313754
0.813927
0.656545
0.712358
0.163029
0.252100
0.220080
0.932712
0.334671
0.570168
0.445753
0.278228
0.523944
0.267209
0.907315
0.314262
0.780335
0.183755
0.415184
0.298355
0.888223
0.784420
0.937977
0.586172
0.113206
0.408924
0.112599
0.992581
0.352397
0.524688
0.257324
0.666151
0.338615
0.913869
0.378509
0.501644
0.165969
0.598589
0.434356
0.500640
0.168757
0.880109
0.778867
0.692700
0.147319
0.686182
0.006963
0.927653
0.869938
0.422146
0.226008
0.758161
0.206567
0.163985
0.344333
0.319772
0.572910
0.456932
0.312354
0.925307
0.981620
0.569678
0.591457
0.320235
0.483547
0.969966
0.821879
0.649515
0.568555
0.256235
0.150155
0.737311
0.136344
0.929022
0.430012
0.283663
0.615205
0.436974
0.211316
0.485143
0.859121
0.437325
0.243304
0.065687
0.601310
0.587637
0.385459
0.174219
0.044569
0.697813
0.099526
0.026189
0.267490
0.690983
0.346424
0.751037
0.660949
0.168303
0.400553
0.229504
0.424538
0.550708
0.966815
0.560883
0.479730
0.396827
0.844546
0.094935
0.833801
0.055862
0.580077
0.692922
0.493187
0.823381
0.758609
0.094497
0.411018
0.144068
0.268716
0.455586
0.841881
0.368242
0.481775
0.109371
0.059226
0.828200
0.860408
0.720175
0.996503
0.260961
0.949679
0.421041
0.811668
0.916494
0.981924
0.291398
0.313321
0.826470
0.386333
0.147122
0.882333
0.966410
0.840043
0.375520
0.789791
0.598652
0.470016
0.200809
0.742720
0.738733
0.656395
0.584600
0.106975
0.138171
0.693971
0.166200
0.966370
0.554380
0.886375
0.962873
0.815340
0.836054
0.383914
0.627009
0.752548
0.365839
0.918407
0.065869
0.192309
0.304740
0.212991
0.074642
0.271150
0.053035
0.450161
0.060942
0.651687
0.920177
0.261751
0.394407
0.658910
0.918146
0.979007
0.765885
0.056317
0.672979
0.932085
0.022687
0.227358
0.818460
0.985560
0.042698
0.654515
0.369475
0.669707
0.407063
0.735313
0.588114
0.472933
0.927622
0.892854
0.685924
0.002264
0.164004
0.738959
0.452425
0.224946
0.390646
0.372602
0.486697
0.785053
0.031512
0.404843
0.764060
0.797397
0.461160
0.437039
0.729482
0.483848
0.664397
0.547942
0.469408
0.707096
0.202457
0.838882
0.376803
0.609520
0.574196
0.964916
0.082453
0.501818
0.857770
0.768376
0.504082
0.021775
0.507335
0.956507
0.246721
0.897981
0.329109
0.733418
0.683033
0.360622
0.138261
0.447093
0.158019
0.599422
0.884132
0.887501
0.083269
0.548529
0.435443
0.552677
0.255625
0.637900
0.391559
0.632427
0.247420
0.965755
0.597344
0.329872
0.467573
0.455114
0.098249
0.971655
0.476889
0.605584
0.928162
0.723609
0.503565
0.257272
0.457027
0.186598
0.617893
0.595288
0.633692
0.775912
0.194710
0.517824
0.663413
0.277979
0.066353
0.098856
0.830656
0.321978
0.736756
0.222215
0.954405
0.984176
0.187970
0.551749
0.314048
0.655544
0.006863
0.412297
0.627199
0.483752
0.017881
0.555361
0.207361
0.521446
0.812633
0.664388
0.708044
0.430526
0.259677
0.341736
0.206438
0.454386
0.859559
0.869851
0.732365
0.925912
0.968706
0.563021
0.247890
0.705462
0.785236
0.202296
0.689637
0.973206
0.754045
0.003685
0.628750
0.760908
0.415982
0.255949
0.244660
0.433863
0.811310
0.452022
0.955309
0.623943
0.116410
0.663353
0.054469
0.376087
0.005089
0.260907
0.830473
0.864648
0.130758
0.562838
0.790560
0.099464
0.125859
0.038451
0.804926
0.911094
0.240746
0.494563
0.884300
0.994791
0.498248
0.513050
0.755699
0.914231
0.768998
0.000360
0.348094
0.580308
0.452381
0.303403
0.204251
0.568791
0.966756
0.258720
0.944878
0.971844
0.519627
0.775351
0.836492
0.650385
0.338189
0.627053
0.749849
0.464048
0.665504
0.554775
0.375142
0.906250
0.049338
0.259443
0.901041
0.547586
0.772492
0.656740
0.461817
0.541491
0.657100
0.809910
0.121799
0.109481
0.113313
0.326051
0.678273
0.080069
0.584771
0.623151
0.051913
0.104398
0.398502
0.888406
0.754784
0.736692
0.515459
0.504632
0.200739
0.180962
0.059407
0.575882
0.087212
0.108744
0.835324
0.988253
0.656330
0.607817
0.644993
0.118147
0.149308
0.302093
0.928057
0.271107
0.411574
0.041370
0.597158
0.089847
0.121439
0.181929
0.712998
0.173353
0.286328
0.111500
0.061758
0.041111
0.848192
0.577217
0.545743
0.048931
0.758179
0.605150
0.624813
0.845391
0.713895
0.460138
0.833644
0.370225
0.067955
0.478637
0.488372
0.217262
0.780731
0.416429
0.488370
0.192305
0.457800
0.085528
0.282152
0.579239
0.267457
0.995150
0.752592
0.553784
0.106650
0.814350
0.594896
0.954842
0.391567
0.140639
0.003773
0.149746
0.745789
0.628586
0.995137
0.459684
0.088724
0.828781
0.829909
0.156679
0.307419
0.318281
0.373941
0.088149
0.734710
0.862311
0.280454
0.192510
0.947839
0.562607
0.771749
0.215295
0.557757
0.524340
0.769080
0.664407
0.338690
0.363975
0.619249
0.730258
0.504615
0.623023
0.880004
0.250404
0.251609
0.875141
0.710088
0.340333
0.703922
0.539997
0.497011
0.011341
0.858278
0.870952
0.099491
0.592988
0.733263
0.379945
0.785498
0.681102
0.942551
0.557247
0.896397
0.500308
0.081587
0.665477
0.164715
0.420277
0.029452
0.783964
0.150535
0.534067
0.406987
0.030539
0.784471
0.658596
0.905680
0.494559
0.998929
0.609602
0.034556
0.495940
0.620944
0.892835
0.366893
0.720434
0.485823
0.100156
0.100379
0.271321
0.781258
0.042931
0.828568
0.677655
0.543239
0.910155
0.343132
0.707954
0.330432
0.372584
0.491918
0.480968
0.906651
0.898905
0.511506
0.691122
0.557501
0.417186
0.185681
0.556430
0.026789
0.220237
0.052370
0.647733
0.113072
0.419263
0.368167
0.598895
0.519419
0.468546
0.870216
0.300677
0.511477
0.698784
0.978331
0.054715
0.608939
0.321463
0.762669
0.939371
0.694047
0.254588
0.420339
0.600698
0.153493
0.931845
0.291820
0.710994
0.349032
0.477500
0.267424
0.375821
0.697737
0.319794
0.023553
0.810809
0.739057
0.391720
0.409703
0.258476
0.860266
0.279919
0.559153
0.371742
0.978703
0.537484
0.426458
0.587642
0.858947
0.189127
0.527013
0.552994
0.443715
0.947352
0.153692
0.597207
0.879197
0.445512
0.308201
0.228228
0.923012
0.575625
0.604049
0.620750
0.895419
0.627602
0.431559
0.634477
0.019322
0.841262
0.892953
0.879588
0.121181
0.452106
0.251330
0.099884
0.989591
0.677788
0.687526
0.848538
0.866915
0.214539
0.401532
0.310629
0.161891
0.555225
0.907836
0.041088
0.000737
0.216038
0.269316
0.923749
0.791663
0.873365
0.544499
0.687082
0.500967
0.976058
0.321559
0.520289
0.817320
0.214512
0.399877
0.938501
0.666618
0.651207
0.038386
0.656208
0.328994
0.725912
0.504746
0.195909
0.940451
0.906279
0.506538
0.102342
0.461503
0.414374
0.143430
0.462240
0.630412
0.412746
0.385990
0.422075
0.286111
0.930489
0.109157
0.787078
0.906547
0.430715
0.307367
0.723867
0.645227
0.707244
0.662368
0.311845
0.358451
0.700754
0.968053
0.687445
0.426666
0.472799
0.883354
0.367117
0.379078
0.389892
0.469459
0.840582
0.804267
0.612889
0.302822
0.434678
0.025634
0.688812
0.856753
0.311745
0.619301
0.965910
0.098824
0.525847
0.396625
0.406191
0.249714
0.041852
0.113435
0.912082
0.353697
0.471886
0.612836
0.321750
0.159332
0.039502
0.794550
0.042686
0.406619
0.173628
0.432578
0.876078
0.014210
0.236845
0.488966
0.317032
0.671523
0.514601
0.005843
0.528276
0.826346
0.625144
0.494186
0.925170
0.150991
0.890811
0.331361
0.400705
0.932663
0.444796
0.312787
0.286360
0.916682
0.925623
0.608111
0.076014
0.965125
0.402660
0.118700
0.371744
0.576288
0.551278
0.247821
0.590498
0.788122
0.736787
0.907530
0.459645
0.251388
0.913373
0.987922
0.077734
0.538517
0.482107
0.002904
0.689508
0.372918
0.334265
0.090214
0.305582
0.779061
0.403001
0.591942
0.695743
0.328624
0.200053
0.771757
0.293749
0.602713
0.890456
0.665493
0.179001
0.441734
0.913314
0.769499
0.229857
0.650101
0.677029
0.689502
0.901489
0.590402
0.677424
0.979224
0.128919
0.159531
0.982128
0.818427
0.532450
0.316392
0.908641
0.838031
0.095453
0.311642
0.429973
0.791196
0.640266
0.630026
0.562952
0.934016
0.232739
0.453409
0.599508
0.411740
0.895143
0.512822
0.181239
0.125000
0.162923
0.858268
0.814502
0.064413
0.448669
0.491925
0.043637
0.577588
0.651457
0.025764
0.396015
0.183906
0.342157
0.304656
0.021937
0.437610
0.616298
0.451911
0.228805
0.256564
0.081937
0.791758
0.190580
0.314675
0.245167
0.790088
0.726415
0.140310
0.302910
0.907654
0.265310
0.465833
0.765922
0.079811
0.530246
0.214591
0.571737
0.573883
0.792179
0.223193
0.599647
0.188194
0.407100
0.941804
0.492850
0.429037
0.379413
0.109147
0.880948
0.608219
0.365711
0.962884
0.399977
0.556291
0.277560
0.645144
0.346379
0.003975
0.785453
0.649289
0.911629
0.050763
0.115122
0.677551
0.130574
0.645368
0.892142
0.702311
0.219251
0.684321
0.925505
0.818898
0.872514
0.332604
0.760702
0.365364
0.761641
0.140115
0.474511
0.642589
0.748334
0.840223
0.605474
0.148311
0.396514
0.883034
0.793455
0.742893
0.887009
0.578908
0.392182
0.798638
0.629671
0.507304
0.476188
0.760245
0.152672
0.368330
0.462557
0.371924
0.052651
0.388061
0.190822
0.925165
0.720666
0.951524
0.290529
0.482307
0.091640
0.765040
0.124897
0.839974
0.605263
0.730370
0.988285
0.001777
0.613404
0.781739
0.744670
0.500412
0.360647
0.136851
0.299050
0.990318
0.644155
0.775238
0.750564
0.796827
0.143568
0.213121
0.168751
0.196219
0.601182
0.359573
0.121384
0.321848
0.311097
0.411913
0.804155
0.402736
0.176953
0.929052
0.242710
0.782215
0.659422
0.230995
0.783992
0.272826
0.012735
0.528662
0.773238
0.373382
0.665513
0.072288
0.363700
0.309668
0.847526
0.114264
0.106495
0.991095
0.327385
0.275246
0.187314
0.928567
0.634819
0.308698
0.250415
0.945916
0.720610
0.054570
0.348653
0.897563
0.983621
0.591363
0.679778
0.643043
0.822358
0.463771
0.915869
0.835093
0.992432
0.689107
0.208475
0.657945
0.761395
0.572175
0.967613
0.608922
0.686439
0.074109
0.600016
0.013824
0.349355
0.787330
0.942391
0.984174
0.096028
0.192806
0.930090
0.816638
0.247376
0.278743
0.714201
0.230997
0.870106
0.393980
0.874040
0.692464
0.857750
0.789909
0.527557
0.850183
0.479016
0.736032
0.508128
0.240411
0.308207
0.475741
0.849333
0.994646
0.549849
0.449349
0.008471
0.899204
0.236679
0.950862
0.883378
0.332707
0.143668
0.813469
0.149346
0.391043
0.092212
0.863547
0.622040
0.962318
0.257527
0.496080
0.654782
0.115278
0.285989
0.182339
0.965460
0.765005
0.918371
0.473588
0.005416
0.226578
0.949329
0.854749
0.221225
0.499178
0.304098
0.229695
0.398383
0.540777
0.180557
0.281761
0.873484
0.324225
0.095230
0.022830
0.715268
0.187442
0.886378
0.337308
0.149760
0.143905
0.833388
0.804542
0.259183
0.119377
0.986882
0.224643
0.884382
0.905253
0.698231
0.889798
0.131831
0.647560
0.744546
0.353055
0.146738
0.048644
0.582751
0.545120
0.589421
0.763308
0.826882
0.462905
0.087532
0.922111
0.485736
0.802800
0.109553
0.372113
0.140108
0.259313
0.516018
0.973495
0.063856
0.775201
0.092872
0.050737
0.999843
0.977254
0.955990
0.698074
0.867051
0.087821
0.345634
0.611597
0.440876
0.492372
0.660241
0.023627
0.037492
0.249662
0.786935
0.864374
0.712567
0.874467
0.786485
0.198303
0.677267
0.896039
0.570416
0.817374
0.155352
0.086434
0.790870
0.219207
0.861635
0.883742
0.269944
0.861478
0.860996
0.225934
0.559553
0.728047
0.313755
0.905186
0.339644
0.754632
0.397558
0.999886
0.778259
0.435051
0.249547
0.565193
0.299424
0.962114
0.439660
0.085910
0.160417
0.116927
0.981948
0.730833
0.934301
0.137300
0.817267
0.725170
0.356507
0.678902
0.608912
0.626452
0.540380
0.469908
0.852386
0.099932
0.197955
0.166141
0.005119
0.537599
0.920773
0.402677
0.537485
0.699032
0.837728
0.787032
0.264225
0.137152
0.749146
0.703885
0.223061
0.909563
0.820812
0.205010
0.640396
0.755112
0.342309
0.457663
0.480283
0.698816
0.136564
0.089195
0.325268
0.676944
0.559102
0.177654
0.776876
0.757057
0.343795
0.781995
0.294656
0.264568
0.184672
0.832140
0.963600
0.022399
0.619172
0.227825
0.159551
0.368319
0.931710
0.382613
0.277882
0.752522
0.587622
0.918278
0.507634
0.929932
0.375940
0.987917
0.628748
0.512504
0.077111
0.954016
0.189448
0.636214
0.131670
0.966324
0.393271
0.475466
0.748319
0.687927
0.740034
0.932991
0.520067
0.703634
0.955391
0.139240
0.931459
0.114942
0.507558
0.863170
0.497555
0.785440
0.615691
0.085177
0.703718
0.123325
0.015109
0.079658
0.111242
0.643857
0.592162
0.188354
0.597873
0.781610
0.824567
0.729543
0.747935
0.217838
0.205009
0.496254
0.905765
0.945043
0.429245
0.425832
0.648677
0.384636
0.565071
0.580137
0.499578
0.072630
0.443306
0.997133
0.858070
0.058998
0.082310
0.561787
0.182323
0.097419
0.641445
0.293565
0.741276
0.233607
0.481919
0.339149
0.015218
0.306486
0.068693
0.763152
0.524324
0.273702
0.259406
0.430089
0.218745
0.688652
0.855921
0.867422
0.073288
0.420992
0.447559
0.572866
0.493622
0.890865
0.569999
0.351691
0.949863
0.652309
0.913479
0.132186
0.749728
0.554924
0.425751
0.491004
0.788531
0.907669
0.830153
0.803749
0.214155
0.898846
0.566901
0.738479
0.172547
0.826308
0.168568
0.391292
0.514960
0.024488
0.258714
0.588247
0.445480
0.706272
0.161113
0.939102
0.597137
0.731112
0.290793
0.547000
0.383421
0.204271
0.679186
0.133149
0.759195
0.104936
0.624153
0.547726
0.012605
0.454306
0.351475
0.226760
0.353151
0.918377
0.965239
0.525699
0.744685
0.133807
0.916990
0.259644
0.158295
0.175704
0.847892
0.603775
0.881977
0.009005
0.542877
0.479114
0.740117
0.833669
0.026114
0.123538
0.037941
0.705300
0.256687
0.797136
0.810236
0.880839
0.344863
0.822841
0.335145
0.696338
0.049601
0.688297
0.614715
0.014840
0.213995
0.359400
0.148647
0.130986
0.619044
0.306942
0.306690
0.466936
0.910717
0.188666
0.475941
0.453593
0.667780
0.216058
0.287263
0.693894
0.339596
0.325204
0.399194
0.596282
0.122340
0.209430
0.477122
0.467203
0.032271
0.812267
0.163541
0.081872
0.500563
0.778256
0.096713
0.714559
0.137656
0.245360
0.845544
0.756700
0.552302
0.152234
0.223636
0.463019
0.340900
0.699577
0.916612
0.008680
0.915634
0.203875
0.702575
0.255230
0.529079
0.101769
0.851512
0.651419
0.311198
0.328634
0.118622
0.343469
0.140901
0.282163
0.425342
0.641464
0.060419
0.522054
0.356023
0.198075
0.767414
0.201567
0.954775
0.319716
0.353801
0.178411
0.782735
0.694701
0.877987
0.699348
0.703381
0.793621
0.903223
0.405956
0.048851
0.432302
0.507724
0.900364
0.083721
0.818923
0.228998
0.202344
0.162392
0.369898
0.484507
0.587734
0.011362
0.544926
0.109788
0.367385
0.743001
0.877203
0.568952
0.697776
0.196919
0.922753
0.876186
0.979654
0.617454
0.754173
0.679002
0.320836
0.547795
0.582225
0.726792
0.596646
0.014527
0.234516
0.497010
0.098249
0.053439
0.726008
0.300592
0.215831
0.095906
0.785099
0.803565
0.107268
0.330025
0.913353
0.474654
0.073026
0.790555
0.043606
0.770802
0.987475
0.966359
0.646988
0.967129
0.583814
0.401162
0.646131
0.904649
0.948957
0.228356
0.631441
0.545603
0.242883
0.865957
0.042613
0.341132
0.919396
0.768621
0.641724
0.135226
0.864527
0.426823
0.938791
0.971795
0.756849
0.852144
0.446449
0.829875
0.642699
0.490055
0.600677
0.630174
0.456415
0.247666
0.597303
0.040228
0.648827
0.243434
0.944878
0.597784
0.471790
0.576319
0.143387
0.714674
0.442275
0.186000
0.055806
0.361671
0.954621
0.697530
0.496897
0.819148
0.124353
0.435688
0.790944
0.881202
0.287832
0.237393
0.711077
0.930531
0.727448
0.311755
0.560705
0.183863
0.559420
0.158008
0.224091
0.208248
0.401443
0.168969
0.806032
0.873233
0.745287
0.949419
0.587907
0.187563
0.135419
0.643712
0.549234
0.090041
0.341242
0.046131
0.909189
0.465596
0.481819
0.700132
0.346798
0.769651
0.937525
0.057875
0.700182
0.664973
0.369630
0.260887
0.848836
0.929050
0.418896
0.072927
0.137298
0.820338
0.241896
0.943329
0.693571
0.987184
0.892748
0.281478
0.174747
0.028167
0.925190
0.723980
0.118208
0.266433
0.770111
0.027397
0.732029
0.251930
0.727529
0.078827
0.021581
0.665054
0.136702
0.721763
0.330028
0.506332
0.982650
0.178864
0.435382
0.401546
0.251791
0.572679
0.221884
0.493687
0.516009
0.915455
0.480871
0.408757
0.196933
0.655618
0.436924
0.122123
0.379598
0.555133
0.388556
0.149708
0.582529
0.120584
0.401638
0.310059
0.199411
0.423219
0.975113
0.336113
0.144982
0.305141
0.842445
0.127632
0.484004
0.277827
0.529178
0.735795
0.850506
0.751062
0.229482
0.366515
0.666517
0.710353
0.775272
0.863450
0.365971
0.212196
0.985573
0.745568
0.767329
0.374129
0.895277
0.349858
0.494714
0.296915
0.659917
0.694125
0.720134
0.635030
0.030238
0.865116
0.940171
0.872683
0.992748
0.424175
0.150509
0.521925
0.159970
0.001015
0.272987
0.389452
0.367530
0.939504
0.099805
0.142802
0.802954
0.465776
0.354998
0.788528
0.211345
0.122327
0.162657
0.106621
0.472185
0.657371
0.403536
0.132102
0.351496
0.123670
0.767132
0.381734
0.988786
0.707303
0.254416
0.981533
0.131477
0.404925
0.503459
0.291447
0.405940
0.776446
0.680899
0.773471
0.715950
0.780704
0.916272
0.518905
0.246481
0.271271
0.307433
0.457825
0.393598
0.470090
0.564447
0.865783
0.127461
0.967983
0.997885
0.478957
0.091653
0.765018
0.860690
0.080439
0.472320
0.115106
0.061973
0.603798
0.520031
0.565432
0.895245
0.925972
0.341878
0.576144
0.699442
0.057828
0.356849
0.615715
0.576733
0.603329
0.886985
0.884166
0.061155
0.280583
0.354256
0.625601
0.146366
0.481716
0.593584
0.144251
0.960673
0.685238
0.909269
0.821363
0.765677
0.381590
0.936469
0.827650
0.985387
0.456501
0.393081
0.880633
0.382473
0.734959
0.456777
0.081915
0.792787
0.813626
0.697630
0.369520
0.416955
0.584615
0.253686
0.478110
0.865198
0.607942
0.103711
0.011564
0.089658
0.697295
0.155816
0.050331
0.382533
0.065085
0.871694
0.148210
0.446675
0.808164
0.975859
0.432062
0.264665
0.368941
0.312695
0.647137
0.103899
0.769472
0.729052
0.896686
0.583097
0.426682
0.266207
0.000052
0.011298
0.519892
0.478162
0.876496
0.127834
0.581873
0.888061
0.217492
0.279168
0.043877
0.267823
0.661701
0.108962
0.139517
0.809911
0.555636
0.947681
0.785770
0.987698
0.212346
0.154711
0.300393
0.859483
0.258610
0.069864
0.588535
0.155297
0.652962
0.015218
0.421504
0.653014
0.026516
0.941396
0.131177
0.903012
0.069230
0.713050
0.791072
0.286722
0.992218
0.834949
0.554545
0.653919
0.943910
0.694062
0.463830
0.499546
0.641743
0.249601
0.487245
0.854089
0.404312
0.787637
0.713572
0.662922
0.857502
0.302108
0.818219
0.510464
0.317326
0.239723
0.163478
0.343841
0.181119
0.294654
0.246853
0.250349
0.007704
0.037925
0.537071
0.999922
0.872874
0.091615
0.653842
0.816784
0.785678
0.117672
0.316330
0.427421
0.367273
0.803575
0.281511
0.771585
0.591212
0.995083
0.434507
0.448714
0.297191
0.252726
0.959178
0.614516
0.492449
0.122655
0.958357
0.673568
0.417310
0.205210
0.923916
0.425014
0.243135
0.460987
0.424936
0.116009
0.552602
0.078778
0.932793
0.338280
0.196450
0.249123
0.765701
0.563723
0.052698
0.047212
0.335308
0.643910
0.042295
0.769815
0.092624
0.339485
0.022541
0.051802
0.954001
0.514990
0.174457
0.912359
0.188557
0.591767
0.117569
0.112473
0.016781
0.360703
0.573460
0.441717
0.476712
0.126062
0.520495
0.409505
0.464342
0.716945
0.658628
0.230044
0.280668
0.711326
0.277256
0.615976
0.355236
0.319551
0.385790
0.447860
0.659036
0.408331
0.499662
0.613037
0.923321
0.674119
0.525396
0.111878
0.265886
0.642965
0.224351
0.282667
0.003668
0.797811
0.724384
0.480380
0.923874
0.244879
0.889885
0.388216
0.961824
0.548513
0.618260
0.242492
0.259838
0.895516
0.858468
0.615074
0.215066
0.244258
0.062934
0.874102
0.652590
0.562595
0.487139
0.575910
0.236714
0.012535
0.687788
0.502600
0.655500
0.912140
0.785267
0.659168
0.709951
0.509651
0.139548
0.633825
0.754530
0.029433
0.022041
0.716354
0.577946
0.640301
0.958846
0.837784
0.535816
0.817314
0.452858
0.750882
0.061573
0.515792
0.624984
0.714162
0.078387
0.112124
0.290073
0.315102
0.124659
0.977861
0.817702
0.780159
0.890001
0.602969
0.439327
0.599952
0.112620
0.578875
0.233777
0.867150
0.608308
0.255818
0.583504
0.186254
0.896118
0.542350
0.024038
0.431934
0.359664
0.476896
0.182817
0.421237
0.992687
0.807801
0.135399
0.071074
0.919925
0.425472
0.386176
0.044584
0.403333
0.203878
0.824743
0.293333
0.806847
0.264070
0.893285
0.919466
0.842945
0.127062
0.786616
0.451253
0.382879
0.370120
0.637507
0.278997
0.912469
0.661545
0.710932
0.272134
0.138440
0.893748
0.693370
0.131128
0.701549
0.828769
0.202202
0.621474
0.254241
0.588378
0.666057
0.657573
0.792256
0.490800
0.950907
0.599102
0.754870
0.844192
0.518569
0.597815
0.971253
0.305184
0.049068
0.354133
0.675304
0.686574
0.633130
0.587773
0.348119
0.344062
0.859907
0.486559
0.237810
0.553277
0.617687
0.939359
0.382047
0.819889
0.560833
0.636288
0.408267
0.226890
0.293861
0.200523
0.717690
0.244768
0.799625
0.472559
0.088959
0.318193
0.070374
0.060213
0.623378
0.119442
0.414346
0.298682
0.806016
0.047476
0.886455
0.154135
0.391538
0.746362
0.640694
0.629348
0.299640
0.258381
0.568707
0.681687
0.078270
0.129540
0.317974
0.486537
0.356430
0.611835
0.687060
0.074120
0.856603
0.486685
0.546679
0.945562
0.804878
0.617053
0.005775
0.428256
0.736495
0.420120
0.726938
0.542511
0.467596
0.613393
0.696646
0.859134
0.359756
0.337340
0.488482
0.659396
0.595721
0.057189
0.341082
0.673992
0.186729
0.659056
0.160529
0.543159
0.270891
0.847589
0.617278
0.127494
0.334273
0.163957
0.073056
0.139152
0.781010
0.078830
0.567408
0.517505
0.498950
0.294346
0.060016
0.966546
0.907739
0.756661
0.825680
0.267495
0.094002
0.314162
0.926890
0.689723
0.371351
0.267973
0.363715
0.558079
0.927029
0.524244
0.101238
0.197920
0.371832
0.718516
0.325414
0.706106
0.882474
0.398469
0.845257
0.663484
0.477299
0.412665
0.180989
0.976249
0.707010
0.241005
0.942796
0.614749
0.997666
0.768475
0.882244
0.091668
0.082637
0.809134
0.781391
0.453988
0.077107
0.145106
0.012067
0.004136
0.669349
0.113305
0.202056
0.041181
0.831822
0.527469
0.747287
0.714295
0.925939
0.592544
0.377780
0.403238
0.005209
0.558769
0.379487
0.712219
0.799774
0.322283
0.326968
0.797440
0.090758
0.209212
0.889108
0.173396
0.018347
0.670499
0.627383
0.095454
0.815605
0.639450
0.099589
0.484954
0.752755
0.301645
0.526135
0.584577
0.829114
0.273422
0.298872
0.755053
0.865966
0.676652
0.158290
0.871175
0.235421
0.537778
0.583394
0.035195
0.860061
0.910363
0.832636
0.950819
0.119575
0.721744
0.124215
0.137922
0.392243
0.751598
0.233375
0.207848
0.391048
0.332964
0.692802
0.143803
0.634609
0.218937
0.728380
0.463723
0.492360
0.027252
0.218776
0.358326
0.703904
0.377066
0.229501
0.939325
0.914844
0.812896
0.974520
0.774905
0.723258
0.807155
0.725724
0.842834
0.528899
0.849939
0.980755
0.921142
0.601536
0.214131
0.128990
0.992584
0.547095
0.821792
0.136387
0.181704
0.040730
0.864767
0.645428
0.533089
0.892019
0.864203
0.891415
0.595923
0.241269
0.120916
0.535247
0.156113
0.933812
0.509767
0.931018
0.657070
0.316922
0.656742
0.499904
0.845821
0.506680
0.480660
0.766964
0.108217
0.694790
0.895954
0.100801
0.241886
0.717746
0.237188
0.423590
0.758476
0.101955
0.069018
0.291565
0.993974
0.933221
0.182980
0.589897
0.174491
0.303896
0.125144
0.330604
0.237708
0.634911
0.261622
0.894779
0.951833
0.918364
0.394683
0.797654
0.425044
0.875342
0.564618
0.533261
0.570133
0.460572
0.634062
0.812019
0.178318
0.871250
0.235609
0.936794
0.973205
0.304627
0.228359
0.967179
0.237848
0.411339
0.557075
0.412338
0.715235
0.682219
0.742942
0.952943
0.317130
0.004564
0.847722
0.268963
0.922928
0.242405
0.066617
0.347972
0.117748
0.631235
0.881233
0.687881
0.091807
0.515295
0.499899
0.270126
0.386544
0.735508
0.206920
0.359749
0.040135
0.435279
0.326927
0.277983
0.846618
0.884002
0.690321
0.561853
0.566221
0.433264
0.514796
0.883351
0.437828
0.362519
0.152313
0.360756
0.604924
0.218931
0.708728
0.722671
0.850166
0.589962
0.410552
0.941973
0.105256
0.910451
0.212099
0.491800
0.645959
0.419019
0.851549
0.686094
0.854298
0.178477
0.964077
0.700916
0.062479
0.654398
0.262768
0.628700
0.087662
0.777565
0.512051
0.525490
0.140083
0.664365
0.886246
0.745007
0.883295
0.594975
0.467678
0.733461
0.184936
0.878230
0.675434
0.290192
0.788681
0.887534
0.781993
0.434640
0.306553
0.633542
0.120735
0.160850
0.812019
0.084812
0.861766
0.874498
0.739210
0.124534
0.503198
0.826872
0.902099
0.015249
0.352361
0.042183
0.679614
0.238608
0.787190
0.562909
0.833582
0.254868
0.296370
0.018518
0.133098
0.971805
0.308710
0.921779
0.859338
0.090703
0.356420
0.165891
0.724245
0.477154
0.326741
0.536263
0.561966
0.188507
0.410761
0.301176
0.313042
0.913959
0.128047
0.215141
0.929208
0.480409
0.257323
0.608822
0.719016
0.044513
0.171732
0.552598
0.299381
0.468102
0.571116
0.432479
0.439907
0.879827
0.354258
0.299245
0.970530
0.710678
0.465136
0.694774
0.187832
0.791877
0.231038
0.749798
0.980385
0.641799
0.050974
0.293426
0.555758
0.179021
0.508567
0.484967
0.659430
0.765890
0.093789
0.378447
0.810403
0.265521
0.931045
0.109784
0.733623
0.502161
0.542263
0.173529
0.381988
0.896521
0.472775
0.352518
0.607199
0.937911
0.047292
0.795032
0.729788
0.278330
0.544830
0.710173
0.920129
0.595804
0.003599
0.475887
0.774825
0.512166
0.960854
0.434256
0.278056
0.054643
0.812702
0.088459
0.320164
0.743747
0.198243
0.053786
0.245909
0.740506
0.227316
0.627897
0.637027
0.700091
0.980414
0.244226
0.638002
0.027707
0.039257
0.367790
0.306037
0.584087
0.077963
0.226166
0.179891
0.081562
0.702053
0.954717
0.593728
0.662907
0.388972
0.871784
0.717550
0.201675
0.960243
0.037714
0.945422
0.158486
0.091500
0.191330
0.898992
0.318816
0.819227
0.536018
0.018907
0.799642
0.780244
0.656908
0.827348
0.819501
0.024698
0.133385
0.403588
0.102661
0.359551
0.583480
0.184223
0.061604
0.538196
0.777951
0.724511
0.927169
0.649736
0.442061
0.128844
0.609979
0.479774
0.074265
0.768465
0.571275
0.265596
0.667457
0.890091
0.084823
0.203475
0.908998
0.884465
0.983719
0.565906
0.711813
0.803220
0.590604
0.845198
0.206808
0.693265
0.204748
0.790288
0.877489
0.266352
0.328484
0.655440
0.990862
0.255653
0.305176
0.432923
0.384497
0.915155
0.912697
0.458762
0.683620
0.483972
0.724358
0.351077
0.374063
0.809181
0.554552
0.283061
0.693646
0.538271
0.848967
0.405459
0.341492
0.439571
0.250656
0.548300
0.132836
0.455404
0.338588
0.010325
0.721756
0.667072
0.665765
0.712618
0.922726
0.970940
0.145541
0.307223
0.886095
0.058239
0.765985
0.569716
0.542211
0.490343
0.920793
0.916274
0.299524
0.475345
0.199335
0.993170
0.013617
0.048301
0.398629
0.355108
0.487872
0.649285
0.903408
0.620708
0.104689
0.241996
0.631033
0.826446
0.909069
0.296798
0.539064
0.831795
0.267738
0.684605
0.139017
0.153833
0.742844
0.905002
0.723549
0.285055
0.395345
0.644342
0.201329
0.694869
0.119688
0.400663
0.688039
0.133304
0.448964
0.086668
0.488413
0.936837
0.735953
0.391821
0.557545
0.840643
0.633818
0.188578
0.667088
0.542887
0.485375
0.206152
0.374681
0.753114
0.890757
0.513698
0.906947
0.633601
0.418700
0.630496
0.918656
0.814045
0.274838
0.119985
0.508914
0.394526
0.520648
0.196954
0.527830
0.969613
0.283622
0.016243
0.906449
0.019575
0.408065
0.463994
0.860217
0.041883
0.652572
0.527306
0.584769
0.137947
0.733458
0.959451
0.891061
0.624215
0.473149
0.798008
0.257817
0.891850
0.428504
0.176473
0.705895
0.703343
0.296458
0.214809
0.097869
0.817106
0.411763
0.625699
0.786719
0.695384
0.641942
0.693168
0.714959
0.050007
0.157162
0.575177
0.091889
0.809734
0.102482
0.676659
0.947681
0.835940
0.636109
0.838742
0.460155
0.109259
0.636750
0.717972
0.001108
0.065255
0.894445
0.707003
0.768597
0.190903
0.921812
0.866466
0.008009
0.333575
0.492165
0.794728
0.028960
0.134107
0.487896
0.743919
0.184114
0.645058
0.319096
0.276003
0.454792
0.421578
0.952662
0.402473
0.257518
0.588771
0.241215
0.717673
0.698030
0.877966
0.435644
0.699138
0.943221
0.330089
0.406141
0.711818
0.520992
0.327954
0.578284
0.529000
0.661529
0.070449
0.323728
0.690488
0.204555
0.811623
0.434407
0.388669
0.456681
0.753503
0.664672
0.911473
0.175080
0.617333
0.313946
0.432598
0.206104
0.555161
0.150271
0.904134
0.433127
0.585915
0.603272
0.376347
0.916004
0.009413
0.088165
0.436995
0.337367
0.666449
0.965996
0.998896
0.736898
0.289724
0.689384
0.941453
0.101347
0.123791
0.330122
0.558028
0.877294
0.994794
0.469500
0.052374
0.612127
0.783446
0.484972
0.818231
0.338607
0.635243
0.722365
0.771734
0.221158
0.325637
0.148081
0.137162
0.335050
0.236246
0.574157
0.672417
0.902695
0.540153
0.671313
0.639593
0.829876
0.360697
0.581046
0.931223
0.484488
0.911168
0.489251
0.361782
0.905961
0.958752
0.414156
0.518088
0.742198
0.899128
0.336319
0.080805
0.534371
0.058684
0.852538
0.755529
0.384321
0.000619
0.892691
0.719372
0.236865
0.466848
0.391789
0.139560
0.007001
0.063102
0.779153
0.836877
0.423799
0.360199
0.768100
0.908287
0.271367
0.257352
0.270069
0.177328
0.216103
0.684225
0.695416
0.958301
0.583353
0.031735
0.039106
0.117725
0.090420
0.891644
0.873254
0.474741
0.892263
0.765945
0.194113
0.129128
0.232793
0.585902
0.268689
0.239793
0.649004
0.047842
0.076671
0.072803
0.408041
0.844771
0.981090
0.679408
0.102122
0.251159
0.856736
0.318226
0.935384
0.552152
0.276527
0.518738
0.583887
0.315632
0.636462
0.674307
0.207276
0.509716
0.149048
0.099539
0.275661
0.343161
0.228668
0.508454
0.929063
0.497356
0.748247
0.578067
0.545198
0.824918
0.650871
0.953239
0.669689
0.631961
0.632647
0.771811
0.883121
0.489382
0.090037
0.818505
0.041534
0.366564
0.337243
0.625422
0.682196
0.973705
0.299729
0.889472
0.483421
0.448777
0.989012
0.759082
0.791938
0.217679
0.267536
0.721001
0.715035
0.015783
0.299068
0.260233
0.840700
0.949939
0.213472
0.510389
0.581900
0.846119
0.282200
0.465021
0.335502
0.372237
0.283525
0.377036
0.738800
0.620768
0.002458
0.420996
0.594473
0.302186
0.310469
0.077894
0.750963
0.299480
0.836976
0.542901
0.517159
0.104512
0.263902
0.232194
0.120294
0.562970
0.492428
0.960995
0.512909
0.705900
0.471384
0.094809
0.552019
0.753584
0.559829
0.887521
0.125820
0.843355
0.264557
0.864621
0.464123
0.267014
0.285617
0.058596
0.569201
0.596086
0.136490
0.320164
0.895566
0.973466
0.863065
0.412725
0.077977
0.126967
0.644919
0.198271
0.689937
0.137347
0.159266
0.202845
0.843247
0.630650
0.297654
0.395267
0.384233
0.857484
0.282788
0.510053
0.700838
0.547344
0.374674
0.164961
0.814359
0.660291
0.223557
0.383559
0.256377
0.360047
0.703723
0.151943
0.333512
0.566788
0.564668
0.411490
0.693755
0.209587
0.609761
0.383692
0.346935
0.769027
0.586537
0.190182
0.399676
0.884191
0.585449
0.783910
0.741675
0.868236
0.293963
0.442513
0.415581
0.668637
0.607475
0.229939
0.328929
0.831032
0.613499
0.585306
0.191079
0.317222
0.737249
0.524591
0.884011
0.301916
0.936081
0.577766
0.511504
0.545841
0.961458
0.858438
0.314868
0.547995
0.048620
0.714545
0.432186
0.634069
0.498454
0.173861
0.502306
0.792417
0.616375
0.917886
0.461055
0.223849
0.147826
0.789983
0.054881
0.761324
0.375289
0.245959
0.078547
0.112538
0.770550
0.962558
0.414454
0.706631
0.540324
0.925958
0.252472
0.501782
0.784396
0.567341
0.049777
0.833016
0.281885
0.481963
0.467086
0.780340
0.655824
0.969391
0.572757
0.272199
0.887277
0.033812
0.496048
0.035103
0.823795
0.550929
0.796428
0.199084
0.796889
0.874974
0.311621
0.567439
0.837532
0.726076
0.274070
0.377856
0.652033
0.526543
0.879637
0.436430
0.093883
0.929414
0.269446
0.375769
0.411377
0.736532
0.156109
0.067201
0.705923
0.728866
0.339400
0.593200
0.762677
0.835449
0.628303
0.586472
0.386378
0.424731
0.785556
0.183267
0.299705
0.097177
0.750706
0.137237
0.823253
0.024776
0.515093
0.475286
0.551319
0.394730
0.911716
0.645202
0.324144
0.181162
0.020971
0.735521
0.917694
0.177080
0.802722
0.623617
0.905945
0.142123
0.216817
0.668622
0.977572
0.845121
0.255094
0.363950
0.269852
0.040650
0.547217
0.569557
0.137827
0.297923
0.706794
0.961080
0.322699
0.221887
0.436366
0.874018
0.616617
0.348082
0.519221
0.940761
0.529244
0.540192
0.676282
0.446938
0.717272
0.479004
0.070555
0.623217
0.621127
0.287372
0.291839
0.598699
0.132492
0.546933
0.962648
0.402344
0.587583
0.509865
0.971901
0.725411
0.807788
0.678695
0.686490
0.130488
0.900582
0.122857
0.004506
0.517200
0.470939
0.523727
0.457961
0.000183
0.063919
0.134243
0.447121
0.781190
0.613247
0.517676
0.404407
0.234374
0.805048
0.696246
0.833073
0.937540
0.243180
0.795721
0.339884
0.830763
0.305586
0.311785
0.556173
0.113375
0.990480
0.242664
0.243862
0.891063
0.365521
0.248368
0.408262
0.836460
0.772095
0.866223
0.836643
0.836014
0.000466
0.283764
0.617204
0.613713
0.801440
0.021611
0.848087
0.606488
0.717858
0.681160
0.544028
0.961037
0.476882
0.883913
0.791800
0.782468
0.195698
0.347974
0.895843
0.186179
0.590638
0.139705
0.077241
0.956158
0.388073
0.485504
0.792618
0.160168
0.351727
0.629261
0.996182
0.352193
0.913025
0.613387
0.965906
0.714465
0.634998
0.813993
0.320953
0.352856
0.495154
0.864981
0.313893
0.972035
0.748894
0.105693
0.754504
0.944592
0.453667
0.650346
0.130770
0.044305
0.790051
0.208012
0.000463
0.178124
0.693515
0.793081
0.338292
0.045242
0.422342
0.334475
0.397435
0.335366
0.947861
0.363341
0.049831
0.582859
0.177334
0.370784
0.935715
0.672488
0.235765
0.249608
0.644524
0.984658
0.355301
0.399027
0.929250
0.808968
0.049373
0.060021
0.853273
0.839424
0.268032
0.853736
0.017549
0.961547
0.646817
0.355841
0.006789
0.069158
0.690315
0.404224
0.404525
0.638176
0.767565
0.454356
0.221036
0.944899
0.825140
0.156750
0.617387
0.060904
0.406358
0.261911
0.045563
0.761660
0.660938
0.974813
0.570628
0.710311
0.034834
0.423901
0.549735
0.302866
0.277637
0.567284
0.264413
0.924454
0.923125
0.271202
0.993612
0.613440
0.675426
0.398137
0.251617
0.442991
0.852493
0.472652
0.387890
0.677632
0.629403
0.005277
0.738537
0.035761
0.267188
0.784099
0.797420
0.928125
0.758913
0.368048
0.638436
0.793746
0.791949
0.188172
0.096612
0.069586
0.755456
0.361025
0.994040
0.678581
0.632227
0.987652
0.292021
0.307653
0.385789
0.543638
0.750644
0.238281
0.016290
0.138534
0.915914
0.645693
0.143811
0.654450
0.681454
0.410999
0.438550
0.478874
0.339124
0.197462
0.846923
0.977561
0.991208
0.638872
0.165732
0.087820
0.708458
0.921188
0.448845
0.702498
0.599769
0.081072
0.690150
0.891790
0.388726
0.075938
0.435428
0.139370
0.314220
0.451718
0.277905
0.230133
0.097411
0.421716
0.884584
0.778864
0.832715
0.323133
0.257739
0.171839
0.520595
0.104661
0.149400
0.511804
0.743533
0.315132
0.599624
0.451991
0.236320
0.048469
0.154489
0.836089
0.129542
0.844638
0.727879
0.518268
0.920576
0.163307
0.657638
0.234796
0.615025
0.935543
0.464929
0.712436
0.357259
0.349513
0.491300
0.189974
0.672646
0.749039
0.361813
0.193242
0.853700
0.511213
0.705046
0.597233
0.826345
0.304670
0.049224
0.062665
0.353139
0.203713
0.898754
0.482681
0.048351
0.626634
0.000949
0.968927
0.789941
0.658587
0.203723
0.404966
0.594130
0.668653
0.117402
0.951389
0.018166
0.608703
0.141363
0.690812
0.357742
0.503176
0.884054
0.211442
0.014388
0.589100
0.808676
0.840733
0.893769
0.857900
0.903398
0.246909
0.061613
0.802152
0.729590
0.109964
0.428786
0.730539
0.078891
0.218727
0.389126
0.282615
0.623694
0.983256
0.951268
0.741096
0.934645
0.969433
0.349799
0.076008
0.660246
0.707541
0.579183
0.544300
0.918983
0.593572
0.133399
0.727659
0.434304
0.027169
0.585559
0.337702
0.274077
0.647172
0.139854
0.003667
0.757136
0.568641
0.734205
0.836028
0.787368
0.123331
0.118642
0.411062
0.106587
0.069910
0.152158
0.041232
0.039343
0.501957
0.117239
0.699589
0.209498
0.696422
0.243889
0.128482
0.289994
0.377288
0.856141
0.724298
0.404456
0.441700
0.062001
0.678533
0.088873
0.201855
0.682200
0.846009
0.770496
0.416405
0.682036
0.557864
0.539737
0.800679
0.968925
0.646323
0.870589
0.121083
0.687555
0.909932
0.623041
0.804794
0.609521
0.832539
0.501216
0.853410
0.961021
0.791210
0.230697
0.817162
0.515509
0.635154
0.258863
0.577509
0.313687
0.347735
0.779364
0.995887
0.193744
0.549860
0.412293
0.875781
0.107723
0.952029
0.676459
0.076649
0.598352
0.547048
0.197732
0.285907
0.456980
0.820773
0.090701
0.066502
0.653312
0.591917
0.919912
0.614333
0.383128
0.150609
0.431496
0.898636
0.785763
0.690358
0.476145
0.099450
0.038094
0.255510
0.095337
0.231838
0.805369
0.507629
0.107618
0.913093
0.459658
0.784078
0.989742
0.058011
0.331126
0.187474
0.343918
0.788106
0.008247
0.434619
0.854608
0.661559
0.026537
0.774520
0.275892
0.409664
0.925129
0.707388
0.308301
0.710891
0.397746
0.784446
0.810341
0.435840
0.039956
0.905678
0.667678
0.845325
0.413307
0.775296
0.758418
0.872965
0.559374
0.748160
0.930976
0.890500
0.935633
0.274894
0.678606
0.943880
0.709513
0.533214
0.605439
0.736049
0.307734
0.881331
0.145714
0.232862
0.588719
0.454014
0.943754
0.986465
0.238461
0.754095
0.422305
0.278416
0.659773
0.089983
0.123742
0.073080
0.865279
0.882160
0.946045
0.424653
0.630319
0.877021
0.315152
0.565953
0.151915
0.993758
0.509833
0.861428
0.526972
0.115271
0.597477
0.834706
0.996603
0.743191
0.067569
0.585322
0.197205
0.011323
0.571787
0.435666
0.765418
0.994092
0.714083
0.425190
0.084075
0.837824
0.498270
0.949353
0.719984
0.444315
0.374006
0.350303
0.321336
0.689158
0.916256
0.473251
0.682917
0.426089
0.334679
0.209889
0.541360
0.932156
0.044595
0.537963
0.675347
0.112164
0.123284
0.872552
0.123487
0.695071
0.308218
0.888904
0.689163
0.022301
0.314095
0.773238
0.860125
0.812365
0.722591
0.580109
0.256680
0.096597
0.930413
0.578016
0.785755
0.846669
0.051268
0.468672
0.272757
0.385946
0.678561
0.814117
0.318102
0.723156
0.352080
0.993449
0.835320
0.475364
0.866001
0.958807
0.170435
0.174220
0.847711
0.859598
0.196521
0.161806
0.632836
0.056646
0.974171
0.355427
0.636755
0.230851
0.452024
0.567168
0.808868
0.237779
0.413837
0.860135
0.706451
0.686594
0.246081
0.385012
0.500711
0.564183
0.108168
0.852792
0.557633
0.943488
0.328156
0.423634
0.902295
0.498591
0.597854
0.750006
0.358189
0.794375
0.911811
0.991025
0.851021
0.885982
0.346452
0.487776
0.116833
0.798476
0.054944
0.925701
0.036256
0.468781
0.785836
0.742707
0.155375
0.031917
0.127718
0.656087
0.596100
0.235886
0.508878
0.153733
0.179374
0.837034
0.577367
0.081669
0.335625
0.175221
0.831674
0.693814
0.969595
0.743486
0.684840
0.820616
0.629468
0.031292
0.308392
0.746301
0.829769
0.363336
0.672002
0.866024
0.832117
0.457838
0.608731
0.987492
0.489755
0.736449
0.643579
0.085855
0.972336
0.152457
0.239588
0.151710
0.989491
0.816955
0.233378
0.325116
0.992176
0.065053
0.018930
0.961771
0.808538
0.703770
0.782388
0.438006
0.735062
0.090780
0.184307
0.564831
0.454116
0.856309
0.430855
0.286234
0.314147
0.039586
0.273726
0.803902
0.776035
0.917305
0.889757
0.748371
0.069762
0.129345
0.900080
0.059253
0.946300
0.133459
0.384369
0.938476
0.198511
0.403299
0.900247
0.007050
0.107069
0.682635
0.445056
0.842132
0.773415
0.629363
0.406962
0.227531
0.485673
0.837817
0.513765
0.799819
0.877403
0.787491
0.603721
0.653438
0.704796
0.493478
0.401808
0.774558
0.622823
0.301888
0.833811
0.569123
0.435347
0.218180
0.507599
0.633858
0.621479
0.407846
0.640908
0.728549
0.090481
0.085963
0.570680
0.863896
0.715327
0.977642
0.091427
0.200999
0.815459
0.605192
0.000819
0.692862
0.392682
0.604540
0.346300
0.097478
0.098017
0.748108
0.872036
0.720840
0.049997
0.705847
0.289963
0.485344
0.924027
0.797562
0.119202
0.545506
0.205408
0.760109
0.274055
0.295889
0.846073
0.844735
0.159785
0.561399
0.822378
0.251212
0.762398
0.637837
0.856404
0.763217
0.330699
0.249087
0.367757
0.676999
0.346565
0.465774
0.425107
0.218600
0.186614
0.475104
0.924447
0.476577
0.960448
0.848474
0.274139
0.079649
0.393980
0.479547
0.839759
0.668035
0.775436
0.685831
0.512770
0.935221
0.247230
0.335147
0.186434
0.009629
0.972985
0.042838
0.772846
0.303684
0.291924
0.140603
0.980683
0.638489
0.606377
0.405791
0.857089
0.792991
0.880895
0.781536
0.269568
0.841342
0.630010
0.543707
0.920992
0.023990
0.023253
0.760750
0.692024
0.798689
0.446581
0.204794
0.733910
0.693812
0.539942
0.920344
0.703440
0.512926
0.963182
0.476286
0.816610
0.255106
0.616889
0.797293
0.893595
0.223265
0.203084
0.750684
0.016257
0.083979
0.532220
0.285825
0.925321
0.162230
0.829532
0.846313
0.186219
0.852785
0.607063
0.878244
0.651474
0.053644
0.083038
0.385385
0.747456
0.622979
0.305728
0.450896
0.135905
0.268910
0.927182
0.952516
0.524016
0.544071
0.749809
0.417611
0.767336
0.952893
0.168294
0.783593
0.036871
0.700514
0.069418
0.962192
0.862744
0.898949
0.808505
0.048963
0.751734
0.415568
0.927207
0.403209
0.469212
0.010245
0.788593
0.216668
0.633224
0.094321
0.667564
0.769129
0.363231
0.594746
0.721645
0.887247
0.138817
0.471454
0.304858
0.906154
0.424346
0.473152
0.689746
0.461218
0.173666
0.759164
0.423410
0.036410
0.658113
0.231915
0.085374
0.409848
0.647483
0.012581
0.813056
0.116695
0.022825
0.601649
0.333363
0.656049
0.695971
0.000927
0.425178
0.059202
0.595673
0.146823
0.946450
0.734490
0.618277
0.251307
0.640644
0.042623
0.724459
0.330391
0.503841
0.898126
0.089555
0.927251
0.934536
0.747668
0.159167
0.019910
0.157516
0.806650
0.032491
0.970572
0.923345
0.055316
0.572221
0.256708
0.711365
0.268192
0.257635
0.136544
0.327395
0.853309
0.283367
0.273844
0.587799
0.901644
0.525151
0.228443
0.944267
0.249611
0.558833
0.448108
0.147737
0.648388
0.375360
0.082273
0.396056
0.534526
0.102184
0.553572
0.341176
0.134674
0.524144
0.264521
0.189990
0.096365
0.521229
0.901356
0.364557
0.778865
0.037899
0.691952
0.632173
0.321266
0.965796
0.219972
0.222910
0.490948
0.448415
0.167177
0.740559
0.007249
0.615286
0.888295
0.655637
0.990645
0.970569
0.051693
0.525172
0.072752
0.605264
0.866348
0.207427
0.129408
0.130869
0.397417
0.225773
0.652099
0.298773
0.590330
0.430964
0.336672
0.282282
0.063137
0.657938
0.248078
0.283109
0.880848
0.739026
0.731524
0.048025
0.479584
0.738773
0.663311
0.367880
0.394410
0.653957
0.338449
0.446102
0.179128
0.411201
0.051367
0.045477
0.618628
0.180775
0.176346
0.016045
0.406548
0.828445
0.314819
0.996878
0.259408
0.651491
0.279160
0.322545
0.309429
0.527239
0.605654
0.190277
0.266264
0.337179
0.238303
0.745849
0.075951
0.901614
0.113728
0.470361
0.555570
0.452177
0.916463
0.734699
0.863378
0.967830
0.780175
0.482006
0.148605
0.956521
0.498052
0.555153
0.784966
0.812870
0.552031
0.044374
0.464361
0.831191
0.366920
0.773790
0.358430
0.972574
0.964068
0.624694
0.309753
0.202370
0.370543
0.385704
0.103984
0.484271
0.856065
0.659555
0.936448
0.772528
0.394254
0.799827
0.740358
0.174429
0.281833
0.888962
0.130950
0.779885
0.444115
0.915916
0.592755
0.996146
0.960291
0.057116
0.827337
0.327211
0.830906
0.185767
0.299785
0.794974
0.810461
0.609537
0.997344
0.181004
0.995241
0.101329
0.665275
0.851306
0.760884
0.601724
0.623834
0.155137
0.401550
0.364191
0.329566
0.683383
0.253154
0.460516
0.463268
0.697269
0.376433
0.056023
0.693414
0.336724
0.113139
0.520751
0.663934
0.944045
0.706518
0.963719
0.739019
0.516979
0.573256
0.736364
0.697983
0.568497
0.837693
0.363258
0.419803
0.598576
0.964981
0.043637
0.753713
0.366532
0.407828
0.083280
0.049915
0.660982
0.543796
0.513182
0.358251
0.920229
0.569205
0.051665
0.256953
0.682344
0.572416
0.920887
0.626389
0.278934
0.884606
0.365408
0.795913
0.457862
0.101772
0.493895
0.026359
0.939465
0.857153
0.446163
0.538041
0.822135
0.489800
0.291754
0.188666
0.897628
0.375034
0.238581
0.558610
0.918830
0.751763
0.916861
0.839059
0.320968
0.968526
0.096012
0.003312
0.540942
0.016899
0.629701
0.819876
0.901504
0.995109
0.615788
0.359366
0.096882
0.109684
0.385725
0.036346
0.966837
0.831888
0.574387
0.788971
0.321687
0.866141
0.977637
0.219315
0.241175
0.216218
0.777925
0.160006
0.967981
0.694786
0.999065
0.288950
0.663312
0.095077
0.292262
0.204254
0.111975
0.921963
0.024129
0.013480
0.917072
0.639917
0.372846
0.013954
0.749601
0.758571
0.050300
0.716438
0.590458
0.624687
0.505409
0.912145
0.490828
0.483046
0.131460
0.732003
0.699265
0.909386
0.892009
0.667246
0.604172
0.891074
0.956196
0.267484
0.986151
0.248457
0.471738
0.098127
0.170420
0.495867
0.111606
0.087492
0.135784
0.484452
0.101446
0.885385
0.243022
0.151746
0.601823
0.833480
0.776433
0.107232
0.745626
0.267261
0.590278
0.877086
0.999264
0.289543
0.786472
0.891274
0.956789
0.390644
0.782348
0.912984
0.658128
0.768499
0.161441
0.129866
0.866625
0.331861
0.625733
0.978231
0.419353
0.761517
0.462683
0.520799
0.646902
0.705705
0.672545
0.248724
0.539186
0.448978
0.355956
0.284811
0.716239
0.946234
0.161897
0.715503
0.235776
0.948369
0.606777
0.192565
0.339014
0.389125
0.105549
0.997142
0.157624
0.266990
0.127008
0.024249
0.598851
0.752740
0.002480
0.018204
0.514257
0.465163
0.539003
0.161159
0.170869
0.211548
0.409883
0.710055
0.660526
0.765839
0.994866
0.376765
0.712073
0.156764
0.092269
0.947849
0.105133
0.699046
0.140414
0.444147
0.088171
0.245963
0.441288
0.245794
0.512952
0.568296
0.270043
0.111803
0.321037
0.272523
0.130008
0.835294
0.737687
0.669011
0.996453
0.908556
0.880559
0.406336
0.618610
0.541086
0.172175
0.613476
0.917851
0.884248
0.770240
0.010120
0.832097
0.875373
0.709166
0.972510
0.319519
0.797336
0.218473
0.760808
0.043131
0.731425
0.329104
0.313174
0.843229
0.650141
0.585697
0.973236
0.485435
0.323384
0.642247
0.481887
0.231939
0.522807
0.888223
0.850550
0.063893
0.060398
0.464026
0.981744
0.944646
0.234266
0.991864
0.776742
0.109639
0.701030
0.749253
0.429158
0.498366
0.967725
0.189966
0.541497
0.699150
0.519070
0.854670
0.542379
0.169211
0.440367
0.515615
0.654645
0.763751
0.157863
0.136533
0.995691
0.680669
0.024756
0.846240
0.744562
0.085154
0.310266
0.726306
0.029800
0.544532
0.718169
0.806542
0.654171
0.419199
0.555795
0.083329
0.917565
0.523520
0.273295
0.459062
0.222671
0.792365
0.313732
0.765050
0.961576
0.754099
0.280665
0.616221
0.517851
0.438528
0.752754
0.513541
0.119197
0.777510
0.359781
0.863759
0.862664
0.670048
0.590064
0.892464
0.214580
0.308234
0.699006
0.868751
0.727433
0.254801
0.952080
0.644998
0.778321
0.225375
0.104060
0.000992
0.017741
0.417792
0.766041
0.979317
0.171891
0.046706
0.595538
0.689742
0.485234
0.348292
0.203283
0.604431
0.125802
0.563064
0.468189
0.988466
0.233112
0.058254
0.880930
0.447692
0.366487
0.579936
0.316443
0.093920
0.834737
0.268523
0.738918
0.613058
0.493898
0.842977
0.614049
0.511639
0.260769
0.380090
0.490955
0.432660
0.426797
0.086494
0.122402
0.912031
0.434786
0.325685
0.516461
0.560588
0.888749
0.984651
0.549054
0.121861
0.042904
0.429983
0.569552
0.409391
0.009919
0.885995
0.503311
0.844656
0.154517
0.242229
0.457714
0.648415
0.085206
0.071763
0.160054
0.345975
0.451853
0.651010
0.778635
0.878650
0.737503
0.901037
0.790681
0.172289
0.226722
0.307142
0.732876
0.115471
0.291792
0.281930
0.237332
0.334697
0.711913
0.806884
0.744088
0.721832
0.692878
0.247399
0.566488
0.847396
0.489628
0.024202
0.495811
0.574834
0.095965
0.655865
0.920809
0.547819
0.306875
0.699445
0.426469
0.044378
0.600482
0.217150
0.216666
0.827205
0.524291
0.949543
0.942676
0.816084
0.231473
0.180007
0.150780
0.943386
0.986891
0.894868
0.665218
0.679770
0.142267
0.231707
0.527165
0.631895
0.255909
0.022976
0.206729
0.351874
0.678841
0.127539
0.899693
0.985716
0.826984
0.326162
0.030094
0.427466
0.543311
0.246760
0.254671
0.067603
0.196303
0.197346
0.883686
0.427775
0.377354
0.034467
0.371161
0.364245
0.929335
0.036379
0.044014
0.071602
0.268086
0.571180
0.703497
0.523995
0.594156
0.910227
0.875869
0.272997
0.037766
0.775562
0.258713
0.864750
0.101724
0.288807
0.292216
0.645035
0.535567
0.546887
0.712638
0.731870
0.744233
0.596324
0.159646
0.121587
0.630791
0.530807
0.485832
0.560126
0.567186
0.529846
0.631728
0.835272
0.101026
0.335226
0.359267
0.695182
0.245453
0.235136
0.968179
0.283219
0.010698
0.226892
0.147969
0.112422
0.515699
0.440185
0.757457
0.051267
0.987071
0.470095
0.783137
0.731305
0.066420
0.942782
0.852892
0.697211
0.473589
0.338724
0.257337
0.040775
0.868570
0.889065
0.876048
0.969596
0.224291
0.235315
0.664777
0.469744
0.470451
0.632956
0.752963
0.481149
0.859848
0.900931
0.593571
0.375548
0.341116
0.351029
0.426814
0.328187
0.821124
0.209951
0.059492
0.887544
0.152734
0.912383
0.584754
0.626323
0.251107
0.842092
0.667098
0.119677
0.731157
0.543146
0.089272
0.955448
0.778460
0.754050
0.425192
0.248911
0.387006
0.178155
0.730060
0.246854
0.079087
0.323631
0.622402
0.420203
0.674660
0.049216
0.748390
0.495784
0.259167
0.807882
0.383327
0.411901
0.720265
0.968082
0.038224
0.971372
0.810173
0.705322
0.091049
0.541330
0.248468
0.180321
0.496779
0.026928
0.934371
0.921971
0.275840
0.321376
0.100126
0.005900
0.568230
0.179213
0.329531
0.190632
0.599416
0.004191
0.239849
0.347805
0.499975
0.499016
0.155687
0.883302
0.910917
0.875952
0.851384
0.949141
0.847324
0.661557
0.654463
0.938373
0.202888
0.902931
0.118694
0.699666
0.929859
0.053065
0.621637
0.205699
0.374441
0.721764
0.211599
0.942672
0.900977
0.541130
0.133304
0.500392
0.545321
0.373153
0.848198
0.045296
0.872169
0.003885
0.928599
0.783086
0.879837
0.779983
0.732227
0.727161
0.441540
0.386690
0.665534
0.644427
0.289621
0.784229
0.344094
0.219481
0.837294
0.965731
0.425180
0.211735
0.687494
0.636779
0.154407
0.588471
0.177909
0.287711
0.088863
0.723230
0.660864
0.937061
0.768526
0.533033
0.940946
0.697125
0.316119
0.820783
0.477108
0.048347
0.547944
0.918648
0.435037
0.213478
0.563075
0.724658
0.997707
0.907169
0.944139
0.835001
0.872899
0.369319
0.046736
0.560394
0.006098
0.201143
0.148865
0.184007
0.488855
0.237728
0.907237
0.149719
0.174789
0.675763
0.682752
0.115735
0.372888
0.998872
0.936518
0.849996
0.047218
0.484462
0.768643
0.482255
0.697940
0.331718
0.206913
0.695646
0.238887
0.151052
0.530647
0.111786
0.520371
0.577383
0.672180
0.526469
0.778526
0.821045
0.710476
0.267381
0.058774
0.617712
0.417099
0.233563
0.293475
0.099852
0.349298
0.666363
0.098723
0.285816
0.516359
0.145941
0.770277
0.285002
0.628196
0.468217
0.616721
0.835109
0.163864
0.855608
0.986162
0.694511
0.967394
0.506533
0.271894
0.639574
0.033002
0.050420
0.460619
0.743478
0.317800
0.519393
0.361190
0.734900
0.752956
0.654665
0.834752
0.102254
0.321029
0.933475
0.388070
0.837388
0.079416
0.158348
0.122390
0.707612
0.626565
0.739111
0.542722
0.790429
0.594719
0.528883
0.484939
0.562113
0.035417
0.756833
0.201687
0.068419
0.807253
0.662306
0.811896
0.125054
0.181699
0.173086
0.859953
0.934656
0.827752
0.694705
0.036910
0.148780
0.628180
0.424980
0.986168
0.707596
0.583328
0.108559
0.415208
0.209894
0.847670
0.957930
0.000322
0.442389
0.486813
0.485262
0.004502
0.522230
0.242095
0.206189
0.590648
0.049348
0.868495
0.402545
0.174401
0.050194
0.575631
0.034355
0.984850
0.403383
0.729060
0.021760
0.552163
0.357240
0.446740
0.538332
0.064835
0.030069
0.646891
0.480043
0.239962
0.494561
0.437973
0.240284
0.936950
0.924786
0.725546
0.941452
0.447016
0.967641
0.147640
0.037664
0.016989
0.016135
0.440209
0.191390
0.066329
0.015841
0.225745
0.051179
0.419224
0.954805
0.072939
0.971387
0.312044
0.519679
0.509719
0.376879
0.549748
0.156610
0.856923
0.789710
0.651171
0.294896
0.029995
0.588121
0.219682
0.755541
0.529572
0.666698
0.723181
0.677213
0.704362
0.740170
0.693348
0.144572
0.931560
0.759677
0.160412
0.157305
0.810856
0.579636
0.112110
0.883795
0.551023
0.424154
0.403474
0.060742
0.801033
0.953222
0.217351
0.657956
0.742932
0.868522
0.952851
0.772927
0.456643
0.172533
0.528467
0.986215
0.839231
0.251649
0.663428
0.543593
0.991819
0.356775
0.688165
0.923379
0.116452
0.848577
0.080684
0.927309
0.428212
0.192794
0.811104
0.979235
0.616947
0.214578
0.039977
0.417980
0.167800
0.257328
0.075936
0.910732
0.125850
0.028787
0.683659
0.582493
0.201321
0.212126