0.475164
0.124644
0.561055
0.690640
0.194284
0.611205
0.240426
0.933878
0.978807
0.465341
0.407764
0.106328
0.683407
0.447669
0.763848
0.069599
0.623110
0.328658
0.200968
0.113325
0.756106
0.059085
0.618557
0.567124
0.445635
0.437726
0.602874
0.530462
0.945292
0.483425
0.730911
0.420456
0.608069
0.291967
0.111097
0.802353
0.903171
0.351523
0.736231
0.881978
0.816864
0.143995
0.988306
0.500272
0.591664
0.752154
0.569871
0.214774
0.080812
0.770839
0.328099
0.836918
0.829924
0.946656
0.404042
0.275559
0.384382
0.006916
0.806021
0.329674
0.490341
0.536933
0.750130
0.098410
0.828899
0.861227
0.900763
0.732071
0.212750
0.636994
0.614049
0.029614
0.780989
0.602355
0.529885
0.372652
0.354509
0.099756
0.587426
0.435321
0.870595
0.915525
0.272239
0.700519
0.862181
0.676281
0.976078
0.246563
0.683196
0.782099
0.576236
0.173537
0.319031
0.326366
0.271947
0.147931
0.187593
0.172709
0.880001
0.400343
0.809703
0.494050
0.429956
0.590692
0.096405
0.959842
0.963344
0.450914
0.059598
0.550770
0.886235
0.930193
0.466296
0.158474
0.630712
0.328477
0.834755
0.606789
0.575039
0.517951
0.388888
0.151275
0.691488
0.707920
0.477642
0.963435
0.855851
0.665235
0.136145
0.735852
0.065577
0.945848
0.229902
0.495534
0.536539
0.326307
0.455375
0.499883
0.777222
0.514973
0.050654
0.663457
0.445166
0.516949
0.821931
0.075877
0.845426
0.656686
0.682667
0.420465
0.174637
0.071555
0.571740
0.866126
0.779475
0.049382
0.829561
0.635325
0.714616
0.965706
0.371177
0.780194
0.911553
0.601079
0.275727
0.448093
0.927387
0.731102
0.947976
0.704608
0.246075
0.998630
0.368066
0.691241
0.515579
0.189997
0.767119
0.361005
0.846683
0.449786
0.781470
0.021321
0.521341
0.353210
0.887446
0.300815
0.402592
0.717007
0.936141
0.117208
0.682713
0.307318
0.897402
0.594266
0.908398
0.173129
0.042359
0.835784
0.904231
0.990335
0.540393
0.150307
0.988965
0.908458
0.841548
0.504544
0.098456
0.608667
0.865549
0.945139
0.058452
0.647019
0.966460
0.579793
0.000229
0.853906
0.880609
0.402821
0.570914
0.816749
0.520030
0.253627
0.124068
0.417431
0.847893
0.032465
0.590560
0.890252
0.868249
0.494792
0.880588
0.408642
0.645099
0.869553
0.317100
0.486647
0.374097
0.415556
0.095314
0.239647
0.360695
0.153766
0.886666
0.327155
0.733559
0.886895
0.181061
0.614168
0.289716
0.751974
0.430917
0.809746
0.005601
0.554985
0.227177
0.853494
0.587450
0.817738
0.743746
0.455699
0.312530
0.624334
0.864341
0.957628
0.493887
0.181442
0.444275
0.867984
0.596998
0.539589
0.107631
0.957692
0.693355
0.994297
0.284847
0.426914
0.881192
0.465908
0.041082
0.170908
0.217882
0.472000
0.980654
0.223483
0.026984
0.207832
0.076977
0.614434
0.025570
0.820724
0.070133
0.338099
0.445057
0.934475
0.295728
0.938944
0.115916
0.740003
0.806928
0.712914
0.279592
0.914559
0.670606
0.972947
0.908856
0.955453
0.399861
0.790048
0.421361
0.440944
0.960957
0.639243
0.912943
0.941611
0.862726
0.939928
0.149443
0.939703
0.554362
0.175013
0.760427
0.624496
0.513112
0.205484
0.558970
0.808839
0.144429
0.674886
0.548842
0.951357
0.387800
0.828434
0.865916
0.058406
0.801381
0.774772
0.013859
0.201242
0.564821
0.435220
0.642186
0.525777
0.074463
0.555129
0.467388
0.937189
0.495057
0.616831
0.876893
0.049419
0.791844
0.637320
0.673914
0.304956
0.842804
0.232884
0.113795
0.987233
0.907770
0.662637
0.938589
0.295570
0.491071
0.804506
0.353976
0.292452
0.579278
0.367835
0.493694
0.144099
0.803055
0.135879
0.669876
0.877518
0.691008
0.137264
0.814707
0.186065
0.754095
0.691600
0.235483
0.545939
0.328920
0.909397
0.850895
0.171724
0.142282
0.964690
0.158956
0.050052
0.627327
0.097545
0.345622
0.118399
0.902051
0.699599
0.410850
0.481329
0.067434
0.904544
0.625428
0.870489
0.040423
0.295304
0.748007
0.731431
0.432568
0.562715
0.917496
0.186663
0.254315
0.152979
0.732602
0.583234
0.062376
0.583497
0.754958
0.204658
0.548187
0.913914
0.254710
0.175515
0.011459
0.600333
0.293914
0.913510
0.299931
0.704764
0.394840
0.367365
0.609308
0.020267
0.237854
0.649731
0.315571
0.985862
0.381162
0.748139
0.548576
0.298658
0.934802
0.802891
0.451636
0.667405
0.386125
0.514013
0.250902
0.141082
0.718671
0.799089
0.054996
0.973381
0.974604
0.066455
0.573713
0.268518
0.979966
0.873645
0.973282
0.374805
0.241010
0.582590
0.395073
0.478865
0.232321
0.710644
0.464726
0.613483
0.458782
0.013302
0.912140
0.393584
0.816193
0.363777
0.060989
0.202318
0.877790
0.311891
0.343400
0.596460
0.110980
0.398397
0.569841
0.085585
0.464852
0.143555
0.354103
0.444818
0.017199
0.327384
0.819623
0.258210
0.909974
0.214695
0.737074
0.142295
0.925339
0.201800
0.755777
0.384121
0.215103
0.667918
0.777706
0.031296
0.031694
0.838695
0.233614
0.909484
0.150586
0.577014
0.505944
0.261566
0.975411
0.075786
0.347151
0.440262
0.219340
0.701254
0.885080
0.236540
0.028638
0.704703
0.494749
0.938612
0.919398
0.231823
0.080906
0.844737
0.433624
0.836684
0.228859
0.648727
0.504601
0.006565
0.680022
0.536296
0.845260
0.913636
0.445780
0.995845
0.490650
0.951724
0.257412
0.466061
0.027510
0.604563
0.906323
0.246850
0.305816
0.791403
0.483390
0.334454
0.496106
0.978139
0.273066
0.415504
0.209962
0.353973
0.260242
0.643586
0.190656
0.489101
0.292313
0.695258
0.495665
0.972335
0.231554
0.340925
0.885971
0.677333
0.336770
0.376621
0.629058
0.594182
0.842682
0.656567
0.198744
0.749005
0.903417
0.504560
0.540408
0.386807
0.839015
0.036514
0.364946
0.112081
0.452018
0.574908
0.466053
0.712260
0.218494
0.656709
0.201361
0.510807
0.351967
0.697026
0.483142
0.583521
0.037951
0.369113
0.260854
0.374721
0.745734
0.889912
0.968903
0.588416
0.546479
0.167647
0.337420
0.449897
0.672207
0.877828
0.836704
0.511222
0.914342
0.201649
0.623303
0.366361
0.776557
0.089356
0.078621
0.995052
0.746065
0.279981
0.505858
0.098032
0.977007
0.989000
0.681553
0.014958
0.358113
0.942407
0.389679
0.103847
0.832319
0.358582
0.692262
0.378799
0.526229
0.029683
0.828695
0.198436
0.907511
0.665399
0.709658
0.821853
0.867048
0.332960
0.188214
0.643606
0.422316
0.266834
0.638657
0.168381
0.546816
0.144515
0.266414
0.523823
0.133515
0.947967
0.538781
0.491628
0.890374
0.928460
0.595475
0.722694
0.287042
0.287737
0.101492
0.813270
0.317419
0.930187
0.011706
0.224931
0.595586
0.721364
0.046784
0.462634
0.054325
0.234998
0.106240
0.476641
0.501832
0.744897
0.645022
0.048648
0.889413
0.911436
0.572471
0.022928
0.859403
0.111252
0.514556
0.749778
0.039712
0.110031
0.472471
0.326753
0.397768
0.573963
0.140023
0.715187
0.504151
0.151730
0.940118
0.099737
0.873094
0.986902
0.562371
0.927418
0.221899
0.668611
0.404059
0.723731
0.413509
0.049081
0.772379
0.302922
0.960517
0.344850
0.325850
0.819921
0.456101
0.840406
0.569698
0.495813
0.950437
0.042169
0.822566
0.348205
0.616133
0.962590
0.063392
0.120283
0.114319
0.003510
0.220020
0.987413
0.990411
0.782391
0.914831
0.212311
0.451003
0.318890
0.936042
0.864512
0.367972
0.708421
0.167433
0.328489
0.053271
0.493283
0.148410
0.509373
0.333690
0.718108
0.005186
0.284127
0.760277
0.827752
0.632332
0.376410
0.790342
0.695724
0.496693
0.904661
0.699234
0.716713
0.892074
0.689645
0.499105
0.806905
0.901956
0.950107
0.125796
0.837998
0.814619
0.493767
0.546420
0.982052
0.822256
0.599691
0.475335
0.970666
0.109063
0.809025
0.688774
0.114249
0.093152
0.449051
0.942001
0.725483
0.825461
0.732342
0.421207
0.322154
0.637003
0.120441
0.038868
0.529077
0.810086
0.537972
0.335983
0.712042
0.488080
0.461779
0.550040
0.302698
0.955546
0.096459
0.284751
0.777802
0.696150
0.760086
0.748468
0.805213
0.569111
0.437242
0.919462
0.662262
0.886293
0.861463
0.387745
0.711754
0.593805
0.808952
0.033908
0.230808
0.929393
0.072776
0.759885
0.739478
0.610748
0.095868
0.451520
0.098828
0.557647
0.001560
0.401526
0.513193
0.098019
0.686277
0.290995
0.794169
0.446362
0.039463
0.599382
0.015473
0.476704
0.518844
0.677735
0.362997
0.380307
0.065481
0.074750
0.974112
0.874433
0.108658
0.204920
0.803826
0.181434
0.964805
0.543304
0.792182
0.060673
0.994824
0.891009
0.618320
0.996383
0.292535
0.131513
0.094402
0.978812
0.422507
0.888571
0.425174
0.461970
0.487953
0.440647
0.938674
0.006796
0.118383
0.301671
0.387103
0.183863
0.376422
0.361215
0.058296
0.485080
0.566134
0.862122
0.666514
0.530939
0.405425
0.458696
0.591613
0.400249
0.349705
0.209933
0.396633
0.642241
0.341446
0.491035
0.621053
0.763953
0.379605
0.046227
0.225923
0.867558
0.486874
0.164597
0.874355
0.605257
0.466268
0.261458
0.789120
0.842690
0.622672
0.847416
0.327770
0.188806
0.709538
0.994284
0.719746
0.114963
0.452980
0.311359
0.515212
0.802685
0.521292
0.911845
0.444926
0.862738
0.402880
0.065979
0.626691
0.782485
0.112206
0.852614
0.650043
0.599080
0.017211
0.524397
0.204337
0.483480
0.785855
0.993458
0.326170
0.408527
0.840874
0.653940
0.597334
0.550412
0.648224
0.317080
0.665375
0.101204
0.628438
0.180587
0.903889
0.149730
0.092432
0.348814
0.012468
0.495312
0.414793
0.639159
0.277797
0.526999
0.491773
0.927840
0.126079
0.508984
0.452237
0.330416
0.992464
0.238092
0.323873
0.318634
0.646619
0.164747
0.972573
0.243953
0.715159
0.620797
0.561033
0.380534
0.722001
0.189471
0.561121
0.625889
0.339201
0.653553
0.974704
0.351670
0.148865
0.389497
0.990828
0.426661
0.916495