0.253387
0.192715
0.498498
0.017286
0.331086
0.376110
0.653978
0.481592
0.062481
0.285676
0.892341
0.367598
0.153096
0.590344
0.341223
0.015045
0.888185
0.812944
0.562587
0.371667
0.454394
0.085773
0.968252
0.503405
0.169551
0.890383
0.311394
0.519058
0.174197
0.501009
0.169649
0.427584
0.693724
0.668146
0.444870
0.024811
0.044257
0.098847
0.506403
0.106737
0.384524
0.398744
0.474335
0.537620
0.989088
0.815558
0.552665
0.877273
0.628503
0.115252
0.248940
0.082897
0.201025
0.217192
0.586302
0.370576
0.107575
0.897697
0.889633
0.281772
0.398706
0.059282
0.709356
0.092430
0.727428
0.154226
0.117241
0.771685
0.253073
0.623644
0.878422
0.637597
0.022388
0.352758
0.175217
0.011476
0.168316
0.727882
0.888749
0.796819
0.843133
0.137690
0.879716
0.044158
0.354882
0.466018
0.414734
0.462457
0.363715
0.304367
0.744229
0.762421
0.363649
0.453585
0.854851
0.091077
0.607811
0.972092
0.862762
0.860884
0.595736
0.741184
0.498480
0.618124
0.093942
0.673697
0.629600
0.262258
0.401579
0.518349
0.059077
0.244712
0.656039
0.938792
0.288870
0.010921
0.404811
0.703604
0.473378
0.768526
0.007971
0.217608
0.530946
0.371620
0.671193
0.385797
0.462697
0.279003
0.357888
0.325459
0.139887
0.953624
0.066643
0.638367
0.571748
0.160584
0.312064
0.201348
0.422842
0.713643
0.719698
0.481918
0.958355
0.375737
0.420711
0.247225
0.386658
0.825522
0.950829
0.860037
0.594047
0.958800
0.077644
0.124993
0.330420
0.748837
0.510790
0.793117
0.027840
0.868678
0.118576
0.167727
0.822302
0.185219
0.806095
0.394050
0.345803
0.118159
0.595399
0.768645
0.831802
0.315097
0.250564
0.790157
0.690833
0.671275
0.037382
0.077492
0.496796
0.988212
0.937528
0.090843
0.947012
0.015172
0.215837
0.277432
0.764009
0.726627
0.070550
0.791850
0.595305
0.189126
0.959577
0.417607
0.374345
0.765672
0.811658
0.720148
0.883830
0.407056
0.488793
0.715632
0.722153
0.739356
0.505789
0.412986
0.410631
0.543171
0.490478
0.907427
0.531383
0.428006
0.998271
0.478395
0.443178
0.214108
0.755828
0.207188
0.940734
0.826377
0.999037
0.536039
0.015503
0.958614
0.953646
0.389848
0.724286
0.765304
0.109995
0.608116
0.172360
0.598788
0.323749
0.894513
0.338145
0.829538
0.307499
0.748776
0.372709
0.797977
0.656203
0.904092
0.225983
0.654474
0.382488
0.669162
0.868581
0.138315
0.876349
0.809316
0.964693
0.875387
0.345355
0.980196
0.834001
0.299001
0.370043
0.558287
0.064304
0.480039
0.166404
0.236665
0.078827
0.490152
0.131177
0.416972
0.319690
0.438677
0.165747
0.692400
0.236654
0.821951
0.596492
0.462637
0.476424
0.978979
0.131798
0.345006
0.117295
0.008148
0.154321
0.081987
0.883534
0.499676
0.062183
0.717536
0.798677
0.432227
0.275823
0.862981
0.912265
0.442227
0.099646
0.991092
0.932379
0.230823
0.408064
0.252069
0.669500
0.573812
0.944469
0.906154
0.395762
0.540961
0.368790
0.872187
0.519940
0.500589
0.217192
0.637235
0.508736
0.371514
0.719222
0.392271
0.871190
0.781405
0.109806
0.669867
0.213632
0.385629
0.532848
0.125897
0.827856
0.632494
0.116989
0.760235
0.863317
0.525054
0.012304
0.532817
0.098865
0.956773
0.438970
0.494627
0.497733
0.807761
0.366814
0.017673
0.308349
0.584006
0.654908
0.817085
0.955520
0.374130
0.209356
0.826710
0.155535
0.319162
0.496577
0.369167
0.704791
0.029425
0.495064
0.532647
0.661918
0.612053
0.292882
0.525235
0.137107
0.305186
0.058052
0.235972
0.261958
0.497023
0.730599
0.759692
0.304783
0.097413
0.777365
0.613132
0.681419
0.432273
0.430218
0.636939
0.806403
0.639574
0.463649
0.961939
0.958736
0.960225
0.331106
0.663528
0.989650
0.826170
0.196175
0.651569
0.438223
0.489057
0.176804
0.575330
0.794243
0.234856
0.811302
0.056201
0.731879
0.541901
0.815893
0.036662
0.639314
0.593258
0.649795
0.320732
0.025531
0.080012
0.957671
0.831934
0.719586
0.421320
0.793873
0.678323
0.381545
0.124978
0.341850
0.371195
0.951148
0.538025
0.022764
0.389371
0.027082
0.199568
0.964701
0.821325
0.434424
0.776002
0.877526
0.166303
0.317903
0.693418
0.202965
0.957217
0.286676
0.852760
0.277949
0.312207
0.932772
0.235620
0.144141
0.652359
0.656940
0.938014
0.330681
0.038485
0.062992
0.672532
0.409681
0.014140
0.210557
0.432445
0.403511
0.237639
0.632013
0.368212
0.058964
0.066437
0.144215
0.936489
0.232740
0.462118
0.629908
0.435705
0.419335
0.916584
0.288464
0.697284
0.228791
0.221237
0.932904
0.372932
0.873595
0.589844
0.310946
0.204276
0.628330
0.373938
0.876808
0.038011
0.388078
0.087365
0.470455
0.791590
0.325004
0.102468
0.159802
0.383968
0.168905
0.304016
0.320457
0.401644
0.766134
0.950365
0.837349
0.185469
0.866948
0.125813
0.882753
0.095739
0.347050
0.815657
0.468671
0.220645
0.405502
0.779616
0.424921
0.033832
0.153554
0.301729
0.071842
0.541632
0.389094
0.542298
0.333222
0.714098
0.644765
0.493024
0.098066
0.813670
0.797041
0.418523
0.215314
0.563175
0.368888
0.052663
0.748644
0.235836
0.178476
0.631397
0.331575
0.525526
0.447054
0.800246
0.746171
0.852556
0.579862
0.171092
0.886387
0.733416
0.472821
0.958230
0.275048
0.861915
0.500527
0.608270
0.576013
0.145293
0.101294
0.674079
0.958963
0.898335
0.092602
0.174277
0.461510
0.461489
0.226940
0.210154
0.697325
0.405416
0.841550
0.028900
0.930941
0.288604
0.829146
0.677112
0.141160
0.409007
0.848204
0.027547
0.142423
0.321025
0.985777
0.417471
0.182940
0.486304
0.025741
0.758953
0.631596
0.127035
0.433033
0.590559
0.025370
0.525634
0.764836
0.486880
0.987124
0.991775
0.697033
0.684449
0.397191
0.538584
0.713349
0.328132
0.827188
0.542495
0.005244
0.968348
0.951503
0.853448
0.995895
0.093926
0.174473
0.981672
0.511397
0.357413
0.467976
0.537138
0.116367
0.099573
0.664173
0.549399
0.690132
0.689544
0.075033
0.454967
0.176424
0.062157
0.446743
0.873457
0.746606
0.843933
0.412041
0.459956
0.172066
0.239229
0.002451
0.177310
0.207577
0.953954
0.030758
0.203472
0.047880
0.205231
0.185145
0.559276
0.562644
0.653121
0.096414
0.679011
0.752693
0.760588
0.228410
0.442825
0.450131
0.303443
0.897792
0.626555
0.365600
0.344535
0.500012
0.112206
0.188468
0.912053
0.572162
0.360534
0.151282
0.574613
0.537844
0.358859
0.528567
0.568602
0.562331
0.576446
0.773833
0.747476
0.135722
0.336477
0.400597
0.232137
0.015487
0.153290
0.992724
0.243897
0.596114
0.442855
0.547340
0.493906
0.069410
0.912940
0.838441
0.569422
0.025146
0.026909
0.481475
0.597308
0.387443
0.632757
0.171921
0.925287
0.991616
0.700487
0.493889
0.553947
0.276934
0.267721
0.301423
0.412656
0.604198
0.702019
0.644793
0.619685
0.855309
0.637517
0.863582
0.451423
0.080372
0.410921
0.945330
0.149782
0.323861
0.783771
0.719205
0.349007
0.810680
0.200680
0.946315
0.198123
0.833436
0.118236
0.123410
0.825052
0.818723
0.617299
0.378999
0.095657
0.885021
0.680421
0.508313
0.489218
0.382440
0.153105
0.108904
0.237749
0.790622
0.972485
0.689172
0.870994
0.383407
0.634502
0.020777
0.707268
0.418273
0.739982
0.056275
0.228953
0.940661
0.002590
0.427076
0.774097
0.120826
0.550487
0.599149
0.939549
0.167786
0.978148
0.035205
0.052806
0.658569
0.543518
0.542025
0.041009
0.696624
0.650928
0.278759
0.487246
0.623413
0.967931
0.358240
0.006820
0.602433
0.379017
0.714088
0.020706
0.118999
0.770362
0.249659
0.059660
0.772952
0.676735
0.833757
0.893778
0.227222
0.432906
0.833326
0.395007
0.411054
0.868532
0.447813
0.069623
0.412050
0.989838
0.110632
0.108674
0.640766
0.389391
0.595919
0.264180
0.357322
0.954160
0.271000
0.959755
0.333177
0.985087
0.980461
0.452175
0.755450
0.230119
0.511835
0.528402
0.906854
0.345592
0.422180
0.134076
0.778499
0.255506
0.529083
0.189553
0.124038
0.976897
0.259176
0.536088
0.966735
0.369809
0.644762
0.607501
0.759200
0.240681
0.871681
0.116521
0.194841
0.142680
0.076276
0.528018
0.127768
0.056737
0.980193
0.883218
0.286856
0.492028
0.411619
0.193711
0.837621
0.833799
0.327787
0.616120
0.089305
0.856870
0.805673
0.213343
0.833766
0.064849
0.749431
0.800501
0.434657
0.394192
0.408002
0.193857
0.634873
0.279682
0.310378
0.829714
0.422363
0.386654
0.357732
0.550131
0.443391
0.337925
0.433348
0.730248
0.829953
0.844968
0.923959
0.667574
0.678767
0.251745
0.283693
0.768072
0.108615
0.089366
0.981415
0.942381
0.154215
0.730845
0.742882
0.588872
0.125038
0.150884
0.782729
0.759911
0.430566
0.093107
0.589625
0.852929
0.479761
0.947357
0.403060
0.923153
0.285282
0.836408
0.653401
0.115235
0.681375
0.577359
0.782809
0.360142
0.829104
0.066502
0.128214
0.937719
0.155868
0.109628
0.880100
0.310083
0.840474
0.622982
0.898954
0.965511
0.773866
0.681683
0.725423
0.204433
0.774790
0.315048
0.057362
0.254551
0.262405
0.460421
0.177704
0.547687
0.296829
0.831104
0.662922
0.978205
0.408463
0.445731
0.338347
0.237568
0.512233
0.466560
0.175287
0.668101
0.576188
0.055387
0.978184
0.416662
0.678370
0.877138
0.382173
0.452236
0.558821
0.107596
0.656669
0.333611
0.422644
0.714031
0.588162
0.685050
0.174452
0.765866
0.232737
0.471281
0.596970
0.895660
0.449486
0.005433
0.341391
0.787833
0.243001
0.853624
0.254393
0.418288
0.521725
0.830581
0.473675
0.499909
0.247244
0.152045
0.377047
0.629417
0.604281
0.935869
0.737013
0.260950
0.269480
0.159657
0.974981
0.857642
0.844707
0.149433
0.623507
0.077444
0.620714
0.220477
0.973104
0.070201
0.225910
0.314495
0.858033
0.468911
0.168119
0.112426
0.887199
0.689844