0.492615
0.249506
0.226843
0.760008
0.605241
0.987778
0.708364
0.262680
0.443861
0.567532
0.363778
0.770957
0.513892
0.658846
0.170046
0.636847
0.997928
0.913733
0.708517
0.239306
0.687161
0.091492
0.291059
0.624078
0.370811
0.272291
0.953221
0.605893
0.992810
0.105147
0.021074
0.485425
0.354652
0.247917
0.245433
0.959893
0.235695
0.953797
0.222573
0.679556
0.521329
0.586351
0.450513
0.035221
0.245198
0.620558
0.672068
0.243126
0.534291
0.380585
0.482432
0.221452
0.472077
0.773492
0.845531
0.842889
0.045783
0.798752
0.448782
0.038593
0.903899
0.469855
0.524018
0.258551
0.717772
0.769451
0.218444
0.953467
0.723248
0.441018
0.633023
0.244577
0.027369
0.083535
0.279798
0.272567
0.704093
0.951865
0.515692
0.238384
0.332450
0.998124
0.459837
0.804528
0.771616
0.305368
0.647416
0.817399
0.104120
0.096198
0.855991
0.008018
0.566053
0.380009
0.266569
0.283825
0.149460
0.485013
0.237292
0.872708
0.926031
0.870314
0.117285
0.953400
0.953850
0.397082
0.225966
0.657943
0.348947
0.741659
0.896327
0.681398
0.739783
0.356164
0.485925
0.511399
0.661532
0.133341
0.328798
0.765651
0.229539
0.184789
0.773669
0.795592
0.564798
0.040238
0.079417
0.714258
0.525251
0.316709
0.586966
0.451282
0.187023
0.704250
0.404682
0.140873
0.101333
0.630648
0.798816
0.450280
0.372307
0.695143
0.131678
0.112090
0.051307
0.617603
0.623489
0.712838
0.750944
0.952286
0.478489
0.980483
0.137075
0.252159
0.776075
0.701873
0.292397
0.855492
0.416131
0.817648
0.172201
0.003097
0.268930
0.359225
0.707347
0.673612
0.500098
0.808680
0.304260
0.298913
0.258960
0.676566
0.994056
0.390638
0.788656
0.045363
0.008241
0.412144
0.758201
0.759185
0.364431
0.236690
0.739668
0.501506
0.488849
0.515744
0.203379
0.781246
0.371236
0.619510
0.598894
0.543437
0.622607
0.867823
0.902662
0.329954
0.541435
0.402760
0.138634
0.845695
0.701673
0.397595
0.522261
0.695729
0.788233
0.310916
0.741092
0.796473
0.723061
0.499293
0.555658
0.087491
0.735983
0.295327
0.588997
0.224832
0.811070
0.792376
0.006078
0.182306
0.411886
0.604972
0.725743
0.034493
0.472795
0.628406
0.364447
0.014230
0.031165
0.503082
0.859925
0.732838
0.900676
0.382186
0.428567
0.688909
0.693102
0.169659
0.485382
0.416163
0.668952
0.041040
0.503654
0.404936
0.336367
0.092651
0.629768
0.147437
0.885027
0.635847
0.329743
0.296913
0.240819
0.055487
0.331406
0.713614
0.683892
0.695853
0.727844
0.715057
0.198935
0.587769
0.447896
0.099611
0.969955
0.876463
0.788520
0.663057
0.046123
0.273902
0.079220
0.715075
0.314943
0.582874
0.120011
0.651309
0.675525
0.749779
0.798746
0.560553
0.385626
0.128489
0.857466
0.626444
0.183976
0.188872
0.340058
0.867868
0.884725
0.067903
0.582925
0.083660
0.655672
0.030821
0.183272
0.625626
0.907284
0.971792
0.288683
0.953407
0.245694
0.367903
0.668482
0.560636
0.950777
0.788492
0.211946
0.626302
0.538272
0.010692
0.186855
0.923898
0.139182
0.044320
0.550342
0.323158
0.233192
0.890400
0.191026
0.117917
0.958303
0.773951
0.201578
0.613975
0.804772
0.384849
0.239601
0.712056
0.356641
0.528284
0.665463
0.602335
0.896187
0.333944
0.162971
0.846964
0.122437
0.374917
0.473266
0.660708
0.385609
0.660121
0.584606
0.524791
0.704441
0.134948
0.847949
0.937633
0.025348
0.038974
0.055551
0.983651
0.812925
0.257128
0.597626
0.617697
0.641978
0.837227
0.329753
0.998619
0.365512
0.995216
0.600954
0.261699
0.329160
0.763925
0.108663
0.451597
0.138842
0.581929
0.112305
0.524452
0.242050
0.696911
0.049243
0.946491
0.831859
0.897191
0.884124
0.857208
0.936166
0.939675
0.840859
0.749091
0.196803
0.438485
0.366788
0.838781
0.275713
0.696541
0.837400
0.641224
0.691757
0.438354
0.902923
0.020918
0.202279
0.011587
0.472514
0.341121
0.593516
0.584820
0.865573
0.835566
0.281731
0.914816
0.782057
0.113591
0.812007
0.666181
0.970799
0.748172
0.605856
0.811658
0.497263
0.802659
0.250143
0.864051
0.641441
0.525856
0.560593
0.478841
0.167080
0.252350
0.917195
0.070004
0.273267
0.119474
0.081590
0.745782
0.460595
0.675106
0.330602
0.326168
0.510672
0.612333
0.240984
0.292729
0.725924
0.052990
0.958910
0.696722
0.801163
0.564767
0.508380
0.298426
0.367426
0.758523
0.162477
0.008866
0.284379
0.723070
0.487707
0.451459
0.975419
0.404902
0.521462
0.248687
0.524376
0.603053
0.994469
0.984971
0.278159
0.325071
0.311139
0.788831
0.937404
0.552123
0.081560
0.663327
0.605113
0.040471
0.360050
0.406276
0.605237
0.868429
0.704702
0.972663
0.626953
0.867179
0.981530
0.911331
0.590248
0.469237
0.362790
0.565668
0.874138
0.884253
0.814355
0.398514
0.487305
0.808824
0.383485
0.765464
0.133895
0.694624
0.554295
0.071298
0.246746
0.635855
0.734626
0.851859
0.676326
0.094675
0.258135
0.281563
0.963105
0.962837
0.254226
0.590057
0.830016
0.235755
0.501388
0.420264
0.704992
0.864179
0.985932
0.579130
0.748431
0.800286
0.977644
0.235737
0.609110
0.361129
0.001201
0.743005
0.055753
0.555495
0.814303
0.302499
0.191350
0.548929
0.154358
0.867676
0.643604
0.412493
0.149239
0.606709
0.375330
0.403465
0.196766
0.205345
0.639220
0.698154
0.625609
0.344212
0.562333
0.611541
0.923343
0.310764
0.411827
0.900987
0.546501
0.020938
0.262116
0.547702
0.763942
0.317869
0.103197
0.578245
0.620367
0.294547
0.127174
0.774725
0.162224
0.770778
0.187218
0.311462
0.377487
0.562548
0.714927
0.574253
0.767893
0.354147
0.272407
0.393503
0.698359
0.834741
0.005044
0.621702
0.145505
0.416871
0.522689
0.692006
0.437809
0.784805
0.239708
0.201751
0.102673
0.342905
0.779996
0.723041
0.637452
0.907171
0.497766
0.799676
0.677949
0.684984
0.111138
0.055436
0.247532
0.826065
0.629689
0.015426
0.180212
0.902096
0.408929
0.878571
0.736837
0.413972
0.500273
0.882342
0.830843
0.022962
0.574348
0.268652
0.807767
0.814056
0.470403
0.910440
0.156960
0.250399
0.633481
0.794412
0.157570
0.131247
0.594088
0.835519
0.816231
0.705226
0.890955
0.063764
0.531291
0.520644
0.079190
0.711503
0.422741
0.488118
0.590074
0.159578
0.902091
0.090348
0.041920
0.732934
0.113309
0.616268
0.001586
0.921076
0.430323
0.471989
0.831516
0.587283
0.722388
0.464997
0.381696
0.879958
0.596244
0.975783
0.715477
0.412476
0.681009
0.606433
0.476240
0.212300
0.127077
0.555429
0.923803
0.549818
0.043548
0.513878
0.709396
0.945638
0.604225
0.751316
0.678572
0.717535
0.367583
0.680158
0.638611
0.797907
0.152147
0.470127
0.385190
0.874535
0.935124
0.766886
0.754493
0.531369
0.742669
0.469971
0.943844
0.423679
0.076403
0.420084
0.635979
0.203480
0.975513
0.559782
0.753298
0.019061
0.073659
0.462694
0.964699
0.677884
0.214010
0.643272
0.395419
0.581593
0.323430
0.034030
0.379500
0.475577
0.504157
0.764691
0.350112
0.439282
0.531577
0.104606
0.970650
0.274246
0.574576
0.914495
0.697925
0.650980
0.334578
0.333903
0.854460
0.310092
0.893685
0.607759
0.329152
0.967344
0.070453
0.293852
0.645229
0.284463
0.937123
0.040648
0.866056
0.260553
0.074678
0.245556
0.736131
0.578835
0.010247
0.086243
0.018116
0.541823
0.190849
0.988767
0.816069
0.765425
0.903261
0.513994
0.416405
0.237840
0.847897
0.270865
0.547931
0.741582
0.878624
0.877083
0.708926
0.949076
0.170935
0.354155
0.233539
0.108058
0.394803
0.099595
0.368612
0.469481
0.345151
0.104742
0.048316
0.355398
0.190985
0.066432
0.897222
0.381834
0.055199
0.713291
0.147259
0.958460
0.227285
0.563664
0.196300
0.075182
0.834529
0.744231
0.816764
0.713153
0.621314
0.525691
0.662229
0.792249
0.879846
0.895768
0.900308
0.274649
0.995363
0.268920
0.744129
0.340515
0.373662
0.792445
0.695913
0.564647
0.858877
0.593135
0.946481
0.914076
0.306426
0.093740
0.872536
0.533711
0.657404
0.068836
0.608893
0.491933
0.813066
0.425657
0.205086
0.434380
0.951347
0.867315
0.226630
0.831193
0.763083
0.126937
0.105842
0.758447
0.395857
0.849971
0.098962
0.769519
0.642417
0.794875
0.334166
0.501294
0.388010
0.280648
0.415370
0.694435
0.374388
0.287907
0.228146
0.031792
0.356742
0.837039
0.523726
0.169809
0.262695
0.728812
0.604189
0.214043
0.596127
0.830819
0.045236
0.359211
0.957756
0.151078
0.117657
0.353613
0.001049
0.216619
0.123132
0.643466
0.011494
0.457298
0.144760
0.399504
0.737945
0.560130
0.093939
0.112333
0.848036
0.322085
0.144126
0.204779
0.159123
0.667852
0.374588
0.421819
0.396664
0.978777
0.635862
0.992791
0.809596
0.681098
0.352001
0.767352
0.832176
0.469658
0.120965
0.833225
0.686278
0.244097
0.476690
0.697772
0.701394
0.621450
0.097275
0.439340
0.181580
0.191214
0.551673
0.029616
0.513299
0.695799
0.234395
0.672423
0.363650
0.608982
0.094242
0.760314
0.587759
0.730104
0.753104
0.397355
0.411201
0.105105
0.164707
0.243377
0.574764
0.285672
0.076602
0.261042
0.529769
0.553292
0.958813
0.231163
0.174742
0.056089
0.670503
0.356321
0.247303
0.222176
0.385937
0.760603
0.917974
0.620332
0.433025
0.281625
0.229314
0.527267
0.041938
0.817074
0.257371
0.795043
0.214429
0.668572
0.900148
0.379137
0.911949
0.474912
0.664809
0.988551
0.735954
0.194578
0.541843
0.694767
0.425741
0.716584
0.750856
0.096244
0.072906
0.998159
0.318420
0.458843
0.758762
0.236394
0.079175
0.191787
0.518019
0.308489
0.719054
0.559958
0.125563
0.976425
0.355000
0.339992
0.644997
0.255149
0.719129
0.556946
0.730061
0.383938
0.545497
0.466015
0.578516
0.087339
0.160782
0.004258
0.803924
0.911638
0.100502
0.876829
0.909797
0.418922
0.335672
0.668559
0.655316
0.414847
0.860346
0.173336
0.723336
0.579400
0.733293
0.848899
0.555825
0.088293
0.188891
0.200822
0.343442
0.908020
0.757768
0.073503
0.291958
0.303265
0.539517
0.870475
0.390604
0.700299
0.874732
0.194528
0.611937
0.975234
0.071357
0.521734
0.394156
0.407029
0.190292
0.049473
0.821876
0.050638
0.222809
0.545212
0.630038
0.956102
0.394112
0.185863
0.044395
0.583003
0.386684
0.387837
0.491024
0.144452
0.461340
0.782982
0.447717
0.000858
0.653457
0.838321
0.701157
0.528189
0.032849
0.313094
0.503423
0.104206
0.834827
0.897580
0.511235
0.025119
0.947053
0.333111
0.075757
0.169861
0.878324
0.705795
0.125963
0.272436
0.891658
0.170358
0.855439
0.278342
0.558195
0.346462
0.422795
0.019535
0.129445
0.870512
0.020393
0.782901
0.708833
0.721550
0.311090
0.741682
0.034643
0.814514
0.845887
0.869471
0.712094
0.357123
0.894590
0.659147
0.690234
0.970347
0.829008
0.568558
0.676142
0.954971
0.840994
0.567800
0.125329
0.696433
0.846142
0.683525
0.042895
0.268937
0.703060
0.172340
0.139448
0.723453
0.955241
0.848281
0.445003
0.266331
0.589963
0.479646
0.080845
0.435850
0.349117
0.792939
0.792973
0.243707
0.452085
0.483207
0.214054
0.281093
0.051765
0.890197
0.236064
0.892759
0.457997
0.361394
0.589191
0.304139
0.044918
0.632086
0.573076
0.747978
0.804426
0.712525
0.471431
0.759667
0.560806
0.916434
0.025998
0.150768
0.396080
0.106842
0.586619
0.745197
0.899781
0.379592
0.988904
0.351866
0.862799
0.202958
0.632959
0.914564
0.093155
0.869024
0.807322
0.551152
0.230417
0.396513
0.855291
0.275336
0.028600
0.428367
0.023314
0.833025
0.140891
0.494746
0.592692
0.701697
0.411180
0.618689
0.852466
0.807260
0.725532
0.439084
0.552457
0.625313
0.818676
0.541361
0.977179
0.681474
0.744319
0.610138
0.596038
0.837474
0.479162
0.403360
0.388626
0.709579
0.799873
0.243916
0.984915
0.828473
0.672283
0.008229
0.661498
0.813174
0.502975
0.254190
0.514872
0.914155
0.872879
0.367337
0.721416
0.598411
0.806422
0.273873
0.223724
0.625097
0.815234
0.200902
0.306572
0.559554
0.811040
0.902610
0.397028
0.290202
0.305970
0.785653
0.999781
0.105843
0.029570
0.984696
0.934316
0.701853
0.992925
0.595814
0.515027
0.495901
0.850004
0.029899
0.410056
0.722883
0.397236
0.131472
0.321294
0.203658
0.405345
0.545018
0.828755
0.220579
0.745920
0.135327
0.780133
0.556960
0.037937
0.177161
0.847162
0.343907
0.962814
0.846943
0.449750
0.992384
0.831639
0.384066
0.694237
0.824565
0.979880
0.209264
0.320465
0.829884
0.239163
0.730521
0.552768
0.636399
0.861993
0.874062
0.840057
0.267338
0.419080
0.668812
0.487917
0.165000
0.804139
0.268050
0.721960
0.842076
0.445211
0.569122
0.185982
0.408025
0.416065
0.635732
0.400409
0.247704
0.019798
0.094646
0.072269
0.999678
0.303909
0.392734
0.829563
0.543072
0.123255
0.382330
0.179471
0.985248
0.256392
0.019527
0.252586
0.675472
0.688339
0.740503
0.840473
0.492478
0.008553
0.562433
0.334554
0.453764
0.131555
0.520536
0.861790
0.547621
0.156268
0.262199
0.795325
0.176067
0.356844
0.867594
0.175745
0.660754
0.260328
0.005308
0.203826
0.383584
0.387638
0.383296
0.368832
0.644030
0.402824
0.621418
0.319503
0.091163
0.361922
0.159975
0.583641
0.370475
0.722408
0.918194
0.824239
0.853964
0.438730
0.686029
0.401584
0.594999
0.948228
0.196910
0.771066
0.305073
0.064504
0.946810
0.965826
0.324832
0.952118
0.169652
0.708416
0.339756
0.552949
0.077248
0.983786
0.955772
0.698666
0.303289
0.046935
0.060588
0.463265
0.630575
0.431063
0.185673
0.548770
0.255302
0.039637
0.987500
0.941331
0.441221
0.582499
0.889560
0.638130
0.353565
0.194632
0.702634
0.300375
0.160459
0.027466
0.252493
0.330111
0.735882
0.592249
0.883059
0.813130
0.576035
0.838832
0.511796
0.879325
0.885766
0.572384
0.342589
0.516342
0.003446
0.528262
0.065112
0.258749
0.567899
0.052612
0.200080
0.009120
0.635111
0.089640
0.647250
0.988675
0.284272
0.349884
0.289051
0.444730
0.377350
0.541544
0.774841
0.113232
0.133793
0.657900
0.926362
0.709828
0.496732
0.438158
0.589153
0.382498
0.010541
0.931742
0.898840
0.013988
0.460004
0.963952
0.272736
0.027903
0.016563
0.472817
0.037023
0.651674
0.562456
0.684273
0.640350
0.846728
0.034157
0.929400
0.291459
0.411508
0.470944
0.066300
0.524740
0.604737
0.724200
0.451102
0.314565
0.220932
0.889259
0.903718
0.603431
0.899801
0.835460
0.502271
0.913788
0.295464
0.466223
0.186525
0.323368
0.482786
0.659342
0.360390
0.134460
0.221798
0.044663
0.774810
0.068526
0.078820
0.704210
0.359985
0.490328
0.175154
0.426285
0.015068
0.779891
0.150485
0.466169
0.094456
0.371417
0.355429
0.998173
0.974848
0.255229
0.833634
0.477119
0.169018
0.129098
0.943342
0.355543
0.452466
0.426128
0.014884
0.812856
0.560588
0.236682
0.857519
0.335398
0.305208
0.936339
0.039608
0.665193
0.426667
0.214762
0.091478
0.441735
0.994653
0.241963
0.907904
0.089109
0.613380
0.263333
0.087282
0.588228
0.518562
0.920916
0.065347
0.687580
0.050014
0.008689
0.043122
0.502479
0.434817
0.058007
0.315335
0.995405
0.294689
0.172854
0.330803
0.599897
0.109193
0.370412
0.265090
0.535861
0.585174
0.356568
0.977596
0.579827
0.598531
0.885500
0.668935
0.211911
0.148833
0.756217
0.800140
0.667395
0.677133
0.865487
0.354975
0.727147
0.874176
0.398097
0.229626
0.308993
0.456104
0.544961
0.304398
0.750792
0.717815
0.635201
0.350689
0.827008
0.005613
0.615779
0.362869
0.590787
0.972347
0.340464
0.170613
0.570878
0.225964
0.839549
0.782789
0.374797
0.595766
0.582929
0.042192
0.272899
0.448416
0.397167
0.000046
0.322592
0.795264
0.229672
0.631585
0.251367
0.774632
0.935983
0.002160
0.492447
0.571184
0.352849
0.319455
0.576797
0.968628
0.682324
0.167584
0.940976
0.022788
0.338197
0.511854
0.248753
0.177746
0.294643
0.623550
0.773512
0.877572
0.665742
0.046411
0.325987
0.062909
0.046457
0.648579
0.858172
0.276129
0.280164
0.109540
0.050761
0.216147
0.111699
0.543208
0.787332
0.464548
0.862663
0.364129
0.433177
0.544986
0.531713
0.374152
0.567774
0.869910
0.886006
0.816527
0.047656
0.180649
0.440077
0.821168
0.058221
0.105818
0.867580
0.384208
0.168727
0.914037
0.032787
0.026899
0.190165
0.312951
0.136439
0.240927
0.529099
0.248138
0.784134
0.316430
0.712686
0.646797
0.680559
0.145863
0.191783
0.212271
0.520016
0.759558
0.082181
0.406022
0.576085
0.129837
0.586671
0.016161
0.951005
0.644891
0.121980
0.818585
0.029099
0.290707
0.732622
0.061886
0.317606
0.922787
0.374837
0.454045
0.163714
0.903936
0.702183
0.947848
0.220366
0.414869
0.594645
0.900925
0.560733
0.786428
0.113197
0.080748
0.545986
0.195378
0.486770
0.122071
0.325215
0.073440
0.138232
0.276220
0.718332
0.260212
0.094805
0.747431
0.550919
0.827427
0.809317
0.868525
0.750214
0.184154
0.322570
0.913927
0.088090
0.024752
0.861775
0.308456
0.439622
0.456420
0.209382
0.000354
0.242848
0.322578
0.081102
0.788835
0.517956
0.567872
0.910906
0.843171
0.641312
0.049138
0.119392
0.359644
0.309350
0.214197
0.107075
0.860268
0.041623
0.916391
0.728793
0.791837
0.100546
0.051363
0.705764
0.188636
0.076115
0.567539
0.497092
0.515737
0.023959
0.706474
0.516091
0.266808
0.029052
0.597194
0.055642
0.547008
0.165066
0.966548
0.390179
0.806378
0.015686
0.509571
0.166022
0.325035
0.723768
0.273097
0.185304
0.765391
0.189488
0.914097
0.557228
0.290034
0.965460
0.262993
0.478670
0.041575
0.830532
0.975762
0.557312
0.854491
0.682236
0.073403
0.121299
0.711288
0.670597
0.176941
0.258297
0.835662
0.143489
0.648476
0.642041
0.159175
0.158047
0.808063
0.484210
0.881815
0.081160
0.669514
0.647206
0.270648
0.583611
0.204434
0.560682
0.549071
0.467427
0.039352
0.590646
0.297959
0.015114
0.147958
0.152450
0.697350
0.221361
0.273749
0.408639
0.891957
0.450690
0.666935
0.727620
0.594180
0.315411
0.369660
0.753355
0.473459
0.177723
0.237565
0.355273
0.258883
0.907079
0.002480
0.529530
0.490690
0.206914
0.090212
0.039761
0.674341
0.129564
0.630406
0.972300
0.144678
0.778364
0.124750
0.842028
0.999725
0.398499
0.250667
0.891682
0.849189
0.917602
0.619301
0.443369
0.233014
0.988962
0.196723
0.706472
0.166685
0.434288
0.061746
0.425567
0.341367
0.064225
0.955098
0.832057
0.271139
0.045310
0.871818
0.945480
0.174874
0.502224
0.917780
0.319552
0.280588
0.042530
0.161580
0.280312
0.441029
0.412247
0.171994
0.290218
0.329849
0.791296
0.733587
0.562862
0.780257
0.930310
0.269334
0.946942
0.364599
0.331080
0.372509
0.705966
0.395305
0.327606
0.538023
0.666445
0.372916
0.409840
0.611925
0.547790
0.912064
0.529705
0.867342
0.192652
0.572235
0.028922
0.472965
0.013264
0.441168
0.644959
0.303482
0.771017
0.436255
0.037069
0.333879
0.216512
0.967379
0.603214
0.163454
0.331978
0.934294
0.535963
0.037944
0.329599
0.863569
0.575967
0.996044
0.236486
0.985807
0.607969
0.784276
0.897872
0.137674
0.651618
0.090524
0.709909
0.680539
0.563489
0.723173
0.121708
0.208448
0.026655
0.892725
0.644703
0.063724
0.226604
0.861215
0.031104
0.829818
0.024669
0.363082
0.764112
0.560632
0.401026
0.093711
0.424201
0.976993
0.089755
0.660687
0.962800
0.697724
0.444963
0.860672
0.835399
0.096581
0.951197
0.545308
0.777120
0.514686
0.268481
0.898827
0.723134
0.295136
0.791552
0.367837
0.358861
0.018156
0.229052
0.389964
0.847974
0.253721
0.753046
0.612085
0.814353
0.154072
0.705796
0.238554
0.131065
0.795552
0.899242
0.093865
0.493276
0.344205
0.954538
0.328675
0.440785
0.905734
0.873983
0.217905
0.420420
0.142464
0.116732
0.143553
0.437601
0.908284
0.511390
0.796461
0.926440
0.740442
0.186425
0.774414
0.994163
0.939471
0.386499
0.808516
0.093543
0.092295
0.047070
0.224608
0.887847
0.946312
0.318473
0.381123
0.290517
0.273011
0.709798
0.731302
0.178745
0.583781
0.949207
0.599165
0.726245
0.065939
0.742718
0.163846
0.974224
0.254108
0.960307
0.900664
0.994550
0.146732
0.675078
0.988713
0.086204
0.061577
0.797229
0.179747
0.153872
0.844300
0.404355
0.041719
0.790612
0.722828
0.422843
0.081128
0.995839
0.132641
0.812430
0.174585
0.716422
0.761637
0.773749
0.442668
0.827576
0.516467
0.606513
0.801800
0.770575
0.566820
0.702464
0.765126
0.713553
0.377542
0.753839
0.799756
0.439118
0.551068
0.979503
0.592991
0.395368
0.383858
0.634710
0.185979
0.106687
0.057553
0.267107
0.102526
0.190194
0.079537
0.277111
0.906616
0.841174
0.050860
0.349284
0.668750
0.567327
0.955797
0.470550
0.337902
0.522618
0.173014
0.103028
0.236170
0.550556
0.856867
0.035927
0.989674
0.407934
0.015430
0.582665
0.803302
0.399288
0.217375
0.989281
0.505974
0.274927
0.256388
0.608500
0.465121
0.335926
0.885611
0.371737
0.177100
0.936471
0.721021
0.845850
0.503798
0.676818
0.316400
0.841700
0.199436
0.489415
0.944728
0.435607
0.039970
0.801594
0.471533
0.029644
0.209529
0.486963
0.612309
0.012831
0.886251
0.829684
0.002112
0.392225
0.104611
0.258500
0.000726
0.569732
0.594426
0.886337
0.941469
0.771525
0.822807
0.662491
0.617376
0.326605
0.339309
0.933776
0.168305
0.538745
0.423190
0.113033
0.974352
0.463161
0.914627
0.445885
0.492805
0.124156
0.932848
0.105114
0.136987
0.819098
0.934798
0.139098
0.211324
0.039409
0.397598
0.212049
0.609141
0.992024
0.098386
0.550610
0.763550
0.921193
0.213100
0.380925
0.247799
0.552409
0.314701
0.416104
0.091154
0.737891
0.529137
0.065506
0.201052
0.443764
0.511391
0.693857
0.567920
0.444239
0.798972
0.704907
0.263337
0.733769
0.844005
0.474661
0.773178
0.241603
0.686710
0.382318
0.233627
0.785096
0.932928
0.997177
0.706289
0.146029
0.378102
0.954088
0.698438
0.692803
0.370192
0.789593
0.430695
0.899329
0.855099
0.631747
0.343093
0.366490
0.325604
0.911013
0.810728
0.124576
0.615919
0.074065
0.858345
0.459924
0.548726
0.631523
0.701528
0.235436
0.013841
0.935155
0.020532
0.946770
0.932332
0.726821
0.092798
0.310434
0.680910
0.791237
0.003237
0.051101
0.580829
0.433932
0.950430
0.435928
0.065678
0.293522
0.802418
0.391283
0.204535
0.613146
0.515858
0.820454
0.687211
0.374203
0.280378
0.235938
0.005726
0.981906
0.471374
0.019567
0.917061
0.491906
0.966337
0.849393
0.218727
0.059135
0.159827
0.899637
0.850372
0.163064
0.950738
0.431201
0.596996
0.901168
0.867129
0.662674
0.194690
0.669547
0.053957
0.399225
0.282693
0.569815
0.219679
0.969904
0.944018
0.500058
0.205842
0.949744
0.481964
0.677215
0.969311
0.399024
0.169121
0.935648
0.248417
0.387848
0.994783
0.408244
0.287485
0.845155
0.571308
0.238223
0.276356
0.168304
0.139390
0.143485
0.830978
0.334081
0.813031
0.884934
0.733306
0.095724
0.454749
0.952985
0.065628
0.398767
0.453043
0.271470
0.348511
0.935006
0.948685
0.317822
0.334031
0.117806
0.253471
0.582448
0.505654
0.248254
0.990692
0.793138
0.093409
0.562000
0.031361
0.369765
0.730304
0.170751
0.513250
0.561281
0.504832
0.326281
0.446215
0.238138
0.422005
0.900964
0.191123
0.487634
0.299731
0.644166
0.759103
0.648242
0.579172
0.707788
0.966064
0.913202
0.825594
0.219535
0.495650
0.331248
0.467789
0.486342
0.124386
0.561198
0.048342
0.155747
0.930963
0.778646
0.326498
0.444212
0.339927
0.831330
0.770494
0.786142
0.069467
0.192499
0.687106
0.260590
0.680132
0.986837
0.904756
0.439236
0.635079
0.483927
0.147024
0.601144
0.397130
0.972618
0.820679
0.892780
0.303866
0.288468
0.379123
0.428252
0.849666
0.427465
0.583999
0.780628
0.206111
0.910496
0.224841
0.546038
0.741826
0.995334
0.332180
0.811293
0.187833
0.019286
0.071883
0.867965
0.006123
0.976639
0.307201
0.641203
0.460566
0.454225
0.242347
0.857696
0.426843
0.063026
0.750476
0.730709
0.351493
0.129599
0.158961
0.201159
0.557064
0.742959
0.981787
0.763174
0.653456
0.206628
0.309212
0.395282
0.201962
0.641392
0.206575
0.389795
0.660678
0.278458
0.257761
0.666802
0.255097
0.564962
0.308005
0.715664
0.019187
0.550351
0.573360
0.446030
0.613377
0.323836
0.176738
0.964870
0.453435
0.335699
0.166029
0.010498
0.078658
0.147816
0.773673
0.732114
0.354444
0.082885
0.127395
0.556407
0.724277
0.333970
0.946202
0.384955
0.612429
0.203963
0.051757
0.867526
0.768925
0.359762
0.583190
0.788112
0.910113
0.156549
0.234141
0.523490
0.480385
0.410880
0.488360
0.933820
0.746579
0.654389
0.944319
0.825237
0.802205
0.717991
0.557351
0.156649
0.800877
0.684746
0.713056
0.525154
0.018716
0.659258
0.910109
0.631145
0.863221
0.961866
0.498671
0.632146
0.321628
0.081860
0.420258
0.231741
0.238410
0.654399
0.755231
0.718795
0.065279
0.243590
0.652615
0.811858
0.897979
0.596933
0.637095
0.700184
0.314925
0.194445
0.856833
0.115802
0.879191
0.569890
0.640955
0.897907
0.229148
0.551065
0.529051
0.092370
0.512931
0.027722
0.724516
0.834559
0.109582
0.144773
0.066300
0.347992
0.799172
0.821531
0.066787
0.864451
0.065121
0.719402
0.676309
0.963100
0.316335
0.313403
0.663284
0.631260
0.507848
0.520118
0.747062
0.387039
0.090007
0.388017
0.284946
0.319156
0.939082
0.813997
0.411525
0.452013
0.841719
0.136041
0.286572
0.951302
0.280814
0.352872
0.299294
0.079987
0.174403
0.366080
0.944438
0.239524
0.085482
0.620747
0.202625
0.401817
0.934150
0.865909
0.033077
0.441999
0.386027
0.780139
0.829038
0.476034
0.168156
0.113984
0.795190
0.107238
0.927981
0.206715
0.559250
0.769700
0.342756
0.845822
0.721002
0.623570
0.198694
0.020296
0.703556
0.373097
0.386376
0.647994
0.612622
0.471858
0.268741
0.815247
0.873675
0.202891
0.681156
0.906753
0.644890
0.067182
0.686892
0.473927
0.543216
0.855048
0.587911
0.338406
0.962285
0.515892
0.545121
0.521535
0.285592
0.887877
0.367357
0.006594
0.511446
0.566052
0.026890
0.215003
0.939149
0.413266
0.862997
0.551771
0.885124
0.131738
0.367018
0.758799
0.334629
0.048173
0.665552
0.979518
0.115356
0.352444
0.453446
0.658572
0.207492
0.041356
0.996978
0.169777
0.557248
0.542099
0.691312
0.842840
0.429976
0.058670
0.849435
0.941422
0.624721
0.876324
0.156425
0.563870
0.289590
0.019422
0.115641
0.174714
0.151160
0.482659
0.933513
0.485789
0.530832
0.599065
0.465307
0.646188
0.951509
0.918753
0.304760
0.159001
0.960110
0.301738
0.328777
0.517358
0.843837
0.020089
0.360198
0.273813
0.078759
0.209633
0.215235
0.703480
0.085957
0.371660
0.267351
0.375547
0.391082
0.382992
0.550261
0.542242
0.865651
0.483774
0.028031
0.396483
0.082839
0.493338
0.042671
0.034348
0.412091
0.347431
0.193349
0.372201
0.649169
0.522126
0.889559
0.493006
0.542216
0.249757
0.766819
0.620975
0.459390
0.982054
0.324455
0.545347
0.353714
0.591806
0.920894
0.744796
0.974798
0.471155
0.287038
0.840449
0.954929
0.315068
0.236932
0.037768
0.808407
0.279603
0.072116
0.220498
0.627034
0.265465
0.592699
0.276203
0.787592
0.482258
0.769209
0.329808
0.732015
0.536028
0.950782
0.191405
0.518082
0.275238
0.736751
0.871795
0.867043
0.657645
0.616591
0.841841
0.128800
0.903629
0.682289
0.083728
0.218697
0.919221
0.121496
0.027104
0.198824
0.193613
0.247602
0.825858
0.459078
0.840301
0.102062
0.246670
0.322559
0.871271
0.576478
0.054574
0.407299
0.527260
0.245978
0.925380
0.802498
0.982730
0.797176
0.669541
0.640374
0.413767
0.511382
0.769174
0.317395
0.193671
0.852902
0.536092
0.112893
0.974399
0.563196
0.311717
0.168011
0.810798
0.137575
0.627090
0.651099
0.239637
0.873760
0.973658
0.110908
0.450237
0.028231
0.518206
0.977498
0.274210
0.443587
0.779995
0.256939
0.240762
0.449536
0.897314
0.654529
0.960918
0.666488
0.971924
0.154590
0.519390
0.508016
0.267482
0.493789
0.071212
0.579199
0.661800
0.882010
0.716775
0.288890
0.533109
0.956412
0.162649
0.506766
0.067319
0.612887
0.534998
0.585526
0.590384
0.809207
0.029113
0.370379
0.066147
0.269875
0.819916
0.963460
0.924404
0.780834
0.629948
0.896328
0.935424
0.149338
0.404345
0.202906
0.643127
0.475557
0.782105
0.304927
0.357567
0.498880
0.593816
0.890676
0.455291
0.756465
0.397442
0.522611
0.369352
0.932440
0.108137
0.959736
0.741647
0.137249
0.330115
0.807794
0.407124
0.150031
0.771255
0.331528
0.930865
0.401203
0.227856
0.866289
0.550541
0.632201
0.069194
0.193668
0.107758
0.851299
0.498594
0.465325
0.350179
0.092410
0.356001
0.805470
0.848875
0.753443
0.328081
0.218227
0.685883
0.436217
0.177963
0.427530
0.573467
0.508079
0.235324
0.980591
0.658110
0.006579
0.312119
0.588975
0.407782
0.539975
0.455264
0.958323
0.172176
0.524458
0.151990
0.279934
0.375757
0.650584
0.745259
0.725936
0.742995
0.101260
0.531406
0.591870
0.854702
0.859487
0.810097
0.540585
0.295704
0.988061
0.968115
0.869171
0.496140
0.203439
0.849761
0.154250
0.210018
0.161880
0.743225
0.617800
0.701856
0.198489
0.576123
0.874032
0.722947
0.728113
0.153966
0.098704
0.378697
0.899225
0.824641
0.121692
0.000485
0.356047
0.713562
0.855188
0.215533
0.523659
0.395773
0.511237
0.511720
0.363888
0.380408
0.007860
0.567327
0.230169
0.162110
0.777346
0.392050
0.905334
0.395146
0.093905
0.103823
0.971268
0.967937
0.826770
0.699381
0.121903
0.925474
0.078078
0.021129
0.750115
0.199770
0.021614
0.106161
0.913332
0.876801
0.321695
0.436992
0.272574
0.832932
0.948712
0.636462
0.213340
0.956572
0.203790
0.443510
0.118682
0.981135
0.835559
0.024016
0.376281
0.929464
0.127839
0.347549
0.897401
0.954609
0.046930
0.019305
0.880083
0.125009
0.040433
0.630198
0.324779
0.062047
0.736359
0.238111
0.938848
0.058054
0.675103
0.211423
0.890986
0.623815
0.847885
0.104327
0.580387
0.051674
0.547837
0.699068
0.032810
0.383396
0.723084
0.409091
0.312860
0.850923
0.756640
0.210261
0.805532
0.803571
0.229566
0.685615
0.928579
0.269999
0.315813
0.253358
0.332046
0.052173
0.491469
0.270895
0.110227
0.166572
0.482317
0.001213
0.790387
0.330202
0.105540
0.370774
0.381877
0.653377
0.069842
0.414687
0.036772
0.792926
0.823778
0.349633
0.643849
0.580418
0.559894
0.449382
0.383988
0.789460
0.134997
0.312568
0.059460
0.450810
0.565926
0.391506
0.502982
0.057395
0.662401
0.613209
0.223967
0.144718
0.614422
0.014354
0.474920
0.719962
0.385128
0.856797
0.373339
0.454970
0.271483
0.410111
0.247896
0.095261
0.759744
0.891745
0.675679
0.319638
0.341127
0.059667
0.109098
0.476123
0.372235
0.168558
0.926933
0.938161
0.560064
0.429916
0.995556
0.222464
0.043125
0.219523
0.367182
0.657547
0.233877
0.842102
0.377509
0.619005
0.698899
0.750848
0.073974
0.970383
0.160960
0.321870
0.065644
0.920704
0.213615
0.741322
0.240342
0.554742
0.800989
0.349441
0.030865
0.173224
0.517999
0.957799
0.111384
0.078063
0.387715
0.106940
0.300527
0.430839
0.326463
0.667709
0.088387
0.560340
0.509811
0.465896
0.179345
0.208711
0.216745
0.253319
0.179093
0.377704
0.575189
0.244737
0.298409
0.788804
0.986059
0.538751
0.343546
0.787048
0.888192
0.374411
0.960272
0.406190
0.332210
0.071656
0.484253
0.719925
0.178597
0.784780
0.150764
0.505060
0.452489
0.239151
0.065400
0.962300
0.705047
0.244744
0.171011
0.921791
0.498063
0.350104
0.299496
0.073252
0.594841
0.597904
0.862056
0.580899
0.136655
0.205602
0.367948
0.024847
0.580014
0.328219
0.431037
0.912224
0.399876
0.915290
0.632149
0.578472
0.700070
0.782913
0.083532
0.152559
0.022064
0.148932
0.114859
0.727111
0.393676
0.285870
0.648902
0.891739
0.635974
0.948398
0.964991
0.230815
0.546302
0.827047
0.811714
0.682957
0.032649
0.179662
0.707804
0.612663
0.507881
0.138841
0.524887
0.907757
0.054131
0.157035
0.486230
0.754202
0.939948
0.569762
0.906761
0.962012
0.718693
0.021620
0.689122
0.112369
0.307490
0.338024
0.004108
0.943464
0.286422
0.969099
0.174279
0.832724
0.796146
0.985994
0.515681
0.828795
0.165656
0.223485
0.441458
0.673537
0.362326
0.966345
0.581294
0.416458
0.123380
0.067524
0.170659
0.063328
0.637285
0.077420
0.025340
0.355978
0.099040
0.714463
0.468347
0.406530
0.052487
0.472456
0.349995
0.338909
0.441555
0.524274
0.171633
0.237701
0.510268
0.687314
0.066497
0.675923
0.910799
0.507955
0.349460
0.273126
0.474300
0.930755
0.689584
0.597680
0.998278
0.860243
0.661008
0.635563
0.937663
0.686349
0.991542
0.036703
0.400812
0.459889
0.443233
0.453299
0.932345
0.793228
0.792208
0.373900
0.317502
0.963841
0.611601
0.827770
0.651156
0.678097
0.503693
0.561955
0.186052
0.853153
0.835081
0.660352
0.783908
0.524664
0.258032
0.782186
0.384907
0.919040
0.417750
0.322571
0.605389
0.409291
0.359274
0.006200
0.869181
0.802507
0.459499
0.801526
0.595735
0.251707
0.175425
0.913237
0.215548
0.787026
0.741006
0.866704
0.465124
0.244699
0.428659
0.651176
0.097852
0.263740
0.311528
0.881760
0.788404
0.569560
0.663946
0.173312
0.488601
0.081696
0.495882
0.093989
0.490987
0.855156
0.100190
0.360168
0.657663
0.559689
0.161694
0.253398
0.811396
0.337119
0.166634
0.026945
0.124146
0.907641
0.893649
0.589269
0.152340
0.322308
0.240446
0.250192
0.586048
0.551974
0.131952
0.374452
0.121534
0.795899
0.547764
0.610135
0.877594
0.043646
0.704124
0.368582
0.898802
0.804314
0.728749
0.556465
0.364003
0.890443
0.809863
0.175400
0.227562
0.976497
0.202344
0.351708
0.884138
0.095993
0.940977
0.036478
0.418301
0.181423
0.286670
0.004349
0.733397
0.418622
0.378801
0.854931
0.214521
0.926565
0.465066
0.092115
0.970211
0.169190
0.460696
0.869013
0.973504
0.189446
0.425478
0.337507
0.079889
0.235340
0.512907
0.307451
0.211837
0.715251
0.659159
0.095975
0.811245
0.600137
0.132453
0.229546
0.781560
0.419122
0.233895
0.514957
0.837745
0.612696
0.369888
0.052265
0.539261
0.834953
0.144380
0.509471
0.004143
0.605076
0.378484
0.977647
0.794522
0.803962
0.315154
0.874411
0.039302
0.828061
0.181863
0.251139
0.543313
0.841022
0.347114
0.354557
0.441159
0.479567
0.584103
0.222718
0.898689
0.817998
0.737675
0.736434
0.430694
0.107563
0.788699
0.969954
0.942516
0.933079
0.479426
0.946659
0.538156
0.857910
0.924307
0.332678
0.661872
0.239461
0.207089
0.701174
0.067522
0.388952
0.952313
0.610835
0.229974
0.299427
0.965392
0.671133
0.778994
0.549495
0.893852
0.677683
0.367493
0.631527
0.414117
0.798187
0.739089
0.202816
0.768141
0.681605
0.135895
0.247567
0.628265
0.674051
0.105477
0.552571
0.006729
0.767348
0.792032
0.213819
0.468522
0.859554
0.602771
0.420835
0.470389
0.832745
0.720261
0.435782
0.503879
0.499255
0.985277
0.397730
0.176938
0.352770
0.029257
0.591056
0.150956
0.768347
0.793872
0.919098
0.449952
0.929767
0.166664
0.078217
0.603818
0.272141
0.630788
0.610547
0.039489
0.422820
0.824366
0.508011
0.282374
0.427137
0.928846
0.752764
0.259882
0.649107
0.188545
0.763761
0.148362
0.173822
0.161491
0.325301
0.526592
0.190749
0.916357
0.677548
0.959095
0.710228
0.596646
0.409047
0.639996
0.763310
0.487264
0.243814
0.035451
0.118051
0.854361
0.074940
0.540871
0.678728
0.582951
0.823245
0.105865
0.511797
0.576009
0.365747
0.160904
0.764554
0.129508
0.309267
0.938376
0.290999
0.634568
0.464968
0.481748
0.550924
0.142516
0.440843
0.261153
0.739162
0.849890
0.901148
0.502472
0.337154
0.144962
0.537923
0.455205
0.999324
0.612864
0.996076
0.678051
0.195815
0.819322
0.783916
0.707612
0.395331
0.149663
0.868516
0.159885
0.279171
0.177783
0.098262
0.570170
0.812351
0.563230
0.051918
0.363275
0.705746
0.492762
0.624427
0.444909
0.342652
0.525576
0.947381
0.679806
0.670538
0.485304
0.135011
0.669861
0.098168
0.131087
0.347913
0.293983
0.950409
0.131828
0.001595
0.345739
0.281491
0.870111
0.505625
0.560662
0.047894
0.603886
0.130832
0.860245
0.167116
0.182751
0.223520
0.872863
0.675512
0.847948
0.317771
0.018164
0.373523
0.265152
0.697970
0.044061
0.750456
0.832981
0.713922
0.848624
0.964068
0.061835
0.142606
0.914477
0.193663
0.144201
0.260217
0.475154
0.014313
0.765841
0.035816
0.062207
0.369727
0.166649
0.922452
0.536844
0.349400
0.145973
0.409706
0.024912
0.993920
0.727477
0.043076
0.367443
0.992629
0.741047
0.411504
0.743085
0.574028
0.125427
0.591709
0.538096
0.187261
0.734315
0.452573
0.380925
0.878517
0.712790
0.856079
0.892830
0.478631
0.891895
0.955037
0.848358
0.058544
0.877489
0.385202
0.407944
0.023462
0.794908
0.432856
0.017382
0.522385
0.475932
0.384825
0.515015
0.216979
0.796330
0.258100
0.791007
0.921756
0.849809
0.329103
0.109017
0.584124
0.781676
0.489942
0.462641
0.494466
0.346021
0.355470
0.973096
0.237916
0.310507
0.821455
0.296461
0.187996
0.206657
0.704404
0.211458
0.001565
0.137260
0.228840
0.523950
0.613192
0.613665
0.038965
0.830171
0.409995
0.297064
0.621177
0.331751
0.146873
0.950280
0.440768
0.730997
0.731956
0.930710
0.193638
0.226421
0.276731
0.549108
0.199518
0.514648
0.859615
0.020973
0.811108
0.047611
0.227630
0.515512
0.259069
0.229195
0.652772
0.487909
0.753145
0.265964
0.101575
0.792110
0.096135
0.511570
0.089174
0.717312
0.843320
0.236047
0.667592
0.284089
0.967044
0.399548
0.214799
0.160682
0.625969
0.491530
0.709790
0.825487
0.006178
0.569406
0.846460
0.817286
0.617017
0.074090
0.332798
0.876087
0.303284
0.985571
0.363996
0.056429
0.251535
0.465571
0.848539
0.347670
0.977140
0.937713
0.064982
0.820461
0.173760
0.732575
0.104549
0.140804
0.132123
0.319348
0.301486
0.758092
0.810879
0.011277
0.583580
0.817056
0.580683
0.430040
0.634342
0.197700
0.504130
0.967141
0.073786
0.807414
0.952712
0.437782
0.863843
0.204247
0.903353
0.712382
0.551917
0.880494
0.650095
0.616900
0.700954
0.823855
0.349474
0.805504
0.964659
0.481597
0.124852
0.266145
0.239689
0.935731
0.277422
0.823269
0.752787
0.858105
0.253309
0.387130
0.055804
0.757438
0.354270
0.129591
0.564852
0.306982
0.567373
0.428696
0.511229
0.470726
0.141077
0.063147
0.351220
0.791172
0.680046
0.052174
0.615027
0.029521
0.857678
0.579685
0.511118
0.982530
0.845831
0.750807
0.918261
0.123253
0.574076
0.671048
0.981357
0.827384
0.058178
0.037161
0.584823
0.412448
0.166752
0.149675
0.719430
0.734125
0.578371
0.230660
0.204851
0.719448
0.293806
0.556071
0.510620
0.973852
0.608246
0.125647
0.003373
0.465924
0.705332
0.514491
0.448454
0.551163
0.265297
0.366715
0.674415
0.839373
0.037763
0.655772
0.666757
0.095941
0.692934
0.251580
0.508389
0.859686
0.401255
0.227819
0.593811
0.979626
0.458479
0.798662
0.699074
0.752285
0.354734
0.209694
0.726137
0.962980
0.335341
0.729510
0.428904
0.040673
0.244001
0.877358
0.591836
0.509298
0.244073
0.266252
0.348671
0.281836
0.922024
0.015428
0.377776
0.614958
0.267008
0.886165
0.474643
0.668263
0.113984
0.068454
0.647889
0.572463
0.867117
0.346963
0.324747
0.221850
0.556657
0.050884
0.184830
0.891998
0.780394
0.613733
0.932672
0.024395
0.491091
0.524508
0.533693
0.735164
0.790760
0.882364
0.016999
0.712784
0.897792
0.394776
0.327741
0.164800
0.280941
0.802385
0.833064
0.394925
0.870839
0.480953
0.967387
0.737956
0.827916
0.292135
0.959806
0.384573
0.343019
0.144636
0.276571
0.123414
0.758369
0.209243
0.147809
0.249460
0.733751
0.681502
0.984624
0.524510
0.563866
0.001623
0.237294
0.461658
0.396399
0.565035
0.626459
0.677340
0.367420
0.459522
0.072265
0.238259
0.940475
0.039652
0.976214
0.768391
0.331787
0.936020
0.152963
0.674806
0.080656
0.429534
0.798220
0.839026
0.638777
0.946029
0.088486
0.372528
0.627530
0.073110
0.897038
0.191396
0.074733
0.134331
0.653054
0.471133
0.699366
0.279513
0.148472
0.066786
0.739035
0.220737
0.305045
0.679510
0.260389
0.281259
0.447901
0.592176
0.217279
0.600864
0.266982
0.297936
0.030399
0.065202
0.136961
0.669176
0.011230
0.225447
0.041704
0.638761
0.298557
0.938741
0.830157
0.373290
0.073073
0.483212
0.844423
0.772439
0.762725
0.992895
0.839225
0.501760
0.213632
0.144270
0.181270
0.474022
0.425529
0.629171
0.066198
0.642808
0.230036
0.333180
0.940744
0.260435
0.398381
0.077705
0.929611
0.409612
0.303152
0.971314
0.048373
0.601709
0.910056
0.878530
0.975000
0.983128
0.361741
0.819423
0.755568
0.124466
0.812318
0.594793
0.626226
0.025951
0.739063
0.807496
0.499972
0.164592
0.436668
0.566170
0.807400
0.666704
0.899349
0.748144
0.927138
0.297731
0.825849
0.856749
0.707343
0.129002
0.828063
0.755715
0.730711
0.738119
0.634245
0.705711
0.721248
0.995986
0.525133
0.476815
0.120452
0.337452
0.071608
0.746678
0.363402
0.810670
0.554174
0.863374
0.975262
0.990842
0.429544
0.782662
0.657545
0.328893
0.530806
0.584684
0.626624
0.356655
0.441433
0.333967
0.485657
0.269496
0.089682
0.216368
0.007616
0.723927
0.922078
0.728863
0.719913
0.447212
0.205678
0.840366
0.784663
0.277286
0.587044
0.148066
0.087957
0.141218
0.011440
0.063219
0.132060
0.440984
0.845881
0.789605
0.769878
0.376687
0.374289
0.396502
0.733342
0.815722
0.730469
0.218999
0.085218
0.820151
0.435366
0.092834
0.544078
0.357445
0.821697
0.263991
0.804657
0.027375
0.104357
0.589320
0.304662
0.691401
0.737386
0.392619
0.832618
0.748826
0.455837
0.964678
0.189810
0.301718
0.754283
0.959688
0.678405
0.128572
0.356190
0.411747
0.944294
0.086658
0.630746
0.029512
0.906809
0.066112
0.122346
0.450887
0.423557
0.944043
0.714878
0.228214
0.971418
0.819235
0.817534
0.276079
0.510635
0.554920
0.668698
0.343254
0.303746
0.124535
0.307932
0.493557
0.426254
0.062215
0.453244
0.104658
0.190787
0.809434
0.516405
0.135081
0.896092
0.147151
0.164593
0.802901
0.213263
0.286939
0.253788
0.636820
0.230982
0.968666
0.865034
0.202399
0.787900
0.682568
0.478479
0.298536
0.237488
0.147177
0.641789
0.541235
0.271712
0.949721
0.034791
0.697966
0.011936
0.488036
0.802624
0.202724
0.297470
0.319030
0.337805
0.193562
0.466181
0.502398
0.996464
0.679444
0.789337
0.250252
0.316264
0.020319
0.218917
0.181298
0.222718
0.006818
0.863866
0.701197
0.305354
0.101354
0.848374
0.947143
0.642589
0.120086
0.896864
0.677380
0.818052
0.908800
0.165416
0.620677
0.111524
0.462886
0.939706
0.449329
0.656449
0.405887
0.951727
0.652912
0.085331
0.741065
0.903164
0.401594
0.761384
0.122081
0.582892
0.984102
0.128899
0.446757
0.685299
0.434253
0.548112
0.533673
0.381396
0.190700
0.653760
0.278260
0.868081
0.471812
0.187061
0.033497
0.092489
0.298585
0.496383
0.032195
0.747914
0.152832
0.438082
0.699641
0.805744
0.523413
0.440705
0.708908
0.925007
0.202089
0.830990
0.507899
0.186191
0.959889
0.954656
0.871490
0.394142
0.502768
0.405164
0.775539
0.693468
0.058924
0.053799
0.561549
0.530736
0.240860
0.595046
0.623225
0.539444
0.091429
0.655420
0.287358
0.244261
0.093503
0.986999
0.050006
0.616916
0.427704
0.758914
0.541923
0.629793
0.589904
0.049822
0.815984
0.549794
0.004478
0.687474
0.943936
0.507246
0.092638
0.719475
0.200714
0.151561
0.773273
0.762263
0.682297
0.014133
0.357309
0.305522
0.553577
0.448738
0.960943
0.840935
0.693000
0.054445
0.827934
0.743005
0.671361
0.255638
0.501920
0.213284
0.885431
0.091824
0.263106
0.701414
0.641617
0.267584
0.388888
0.585553
0.774830
0.481526
0.305028
0.975544
0.633087
0.078301
0.737807
0.315385
0.092434
0.095116
0.620907
0.646011
0.543854
0.581849
0.486946
0.236854
0.636295
0.314880
0.979859
0.307656
0.570518
0.481779
0.520939
0.455948
0.573603
0.784045
0.157363
0.215220
0.051629
0.546251
0.800773
0.826458
0.027777
0.105801
0.802002
0.660864
0.184102
0.539809
0.976249
0.276536
0.634925
0.597156
0.922547
0.178780
0.179005
0.409494
0.415634
0.815300
0.724374
0.395493
0.122955
0.294891
0.877272
0.643894
0.750839
0.450875
0.427939
0.908202
0.666095
0.479568
0.454453
0.466868
0.306026
0.482230
0.572669
0.108029
0.143094
0.756771
0.647838
0.119343
0.033307
0.282763
0.716499
0.955855
0.461543
0.895504
0.365348
0.877177
0.710803
0.089722
0.272670
0.833758
0.384613
0.149942
0.477653
0.135452
0.600817
0.905592
0.043654
0.266912
0.385160
0.498107
0.733780
0.691186
0.980337
0.306449
0.799215
0.123431
0.063220
0.447053
0.242774
0.096527
0.729816
0.959273
0.052382
0.191358
0.854777
0.417730
0.068535
0.565580
0.507452
0.341205
0.399338
0.892066
0.491147
0.876990
0.027518
0.091964
0.782582
0.071172
0.358875
0.167742
0.569280
0.092655
0.858929
0.549617
0.399104
0.658144
0.673048
0.462323
0.105196
0.915823
0.558851
0.835012
0.875096
0.611233
0.026370
0.729872
0.028963
0.094905
0.295452
0.536415
0.436110
0.694790
0.428481
0.927257
0.571780
0.455999
0.019220
0.354362
0.527171
0.378096
0.522104
0.096451
0.470751
0.381033
0.646068
0.869855
0.039176
0.319117
0.332178
0.144373
0.234940
0.891029
0.979385
0.110035
0.502261
0.005755
0.839908
0.531224
0.100660
0.135360
0.067640
0.536770
0.830150
0.496121
0.464026
0.401930
0.952120
0.483246
0.756292
0.479291
0.861342
0.278397
0.575743
0.332093
0.659430
0.221811
0.201948
0.698606
0.540927
0.534126
0.842979
0.775867
0.425154
0.822363
0.885902
0.927415
0.828118
0.725810
0.458640
0.928778
0.861170
0.526280
0.465547
0.691320
0.022401
0.929574
0.093250
0.974520
0.412820
0.849542
0.453812
0.274162
0.127939
0.029554
0.606255
0.787369
0.251365
0.808203
0.485975
0.792292
0.342328
0.328954
0.568159
0.767483
0.151317
0.454062
0.694898
0.979435
0.179872
0.153538
0.908213
0.041042
0.679818
0.373761
0.732362
0.702218
0.303334
0.825612
0.676739
0.716154
0.675155
0.130550
0.990317
0.803094
0.160104
0.596572
0.590463
0.411469
0.404775
0.076438
0.203762
0.747103
0.405392
0.771921
0.514586
0.556709
0.225982
0.209484
0.536144
0.405854
0.363022
0.444358
0.446896
0.042840
0.818118
0.179259
0.745058
0.121453
0.004871
0.421797
0.837607
0.680026
0.552347
0.827924
0.483120
0.712451
0.424496
0.073583
0.123921
0.829271
0.150021
0.327683
0.576374
0.555412
0.099603
0.090960
0.112121
0.325586
0.300445
0.648266
0.731440
0.663467
0.092623
0.178336
0.706307
0.910742
0.357595
0.451365
0.032194
0.362466
0.873162
0.869801
0.042492
0.425509
0.697725
0.525612
0.137961
0.122221
0.599194
0.261882
0.951492
0.749215
0.589564
0.527866
0.304627
0.689168
0.618827
0.416748
0.014753
0.919271
0.065014
0.746194
0.582739
0.157637
0.924530
0.289046
0.068379
0.282125
0.740411
0.100573
0.644591
0.613573
0.970374
0.687083
0.039083
0.668099
0.212695
0.177043
0.790320
0.811889
0.438925
0.741812
0.561104
0.028489
0.269678
0.865732
0.717657
0.888505
0.282480
0.732410
0.807776
0.347494
0.478604
0.390515
0.505132
0.403134
0.679561
0.573510
0.685259
0.419972
0.674083
0.329850
0.033545
0.644457
0.016933
0.072628
0.312557
0.229628
0.249671
0.102877
0.041518
0.688596
0.844689
0.602622
0.717085
0.114367
0.468354
0.434741
0.002872
0.750834
0.167152
0.810648
0.098328
0.645755
0.201162
0.603460
0.048889
0.880723
0.176970
0.734148
0.300695
0.851053
0.063998
0.334240
0.495511
0.080931
0.406868
0.808067
0.310560
0.656539
0.910944
0.352077
0.345135
0.755633
0.954700
0.062220
0.870000
0.423054
0.496962
0.872871
0.173888
0.664113
0.683519
0.272216
0.309868
0.884681
0.875676
0.358757
0.765404
0.052646
0.092905
0.066099
0.903700
0.156903
0.400339
0.399210
0.237834
0.807207
0.207278
0.548393
0.463746
0.118222
0.900471
0.808881
0.873855
0.855170
0.871101
0.743854
0.278224
0.368063
0.616725
0.452111
0.032176
0.300244
0.724327
0.342044
0.184925
0.600003
0.700801
0.950329
0.652649
0.793706
0.016429
0.556349
0.950609
0.416768
0.955559
0.188442
0.223975
0.162837
0.736836
0.687721
0.281059
0.637307
0.496602
0.154914
0.492477
0.367704
0.898768
0.770701
0.735766
0.515493
0.222812
0.767942
0.815737
0.947139
0.109986
0.000662
0.547143
0.810787
0.950991
0.199792
0.604493
0.967420
0.756141
0.555102
0.384188
0.711701
0.743544
0.608162
0.874538
0.480380
0.295884
0.155597
0.117687
0.792486
0.310510
0.610164
0.160190
0.209278
0.380864
0.895956
0.724771
0.603676
0.663898
0.540508
0.550816
0.773884
0.541169
0.097958
0.584671
0.492161
0.297751
0.189164
0.459580
0.053892
0.744266
0.843768
0.765593
0.487810
0.451930
0.640130
0.968190
0.747814
0.795727
0.085877
0.540300
0.106237
0.696040
0.700489
0.315516
0.076904
0.596445
0.040286
0.680581
0.260343
0.580794
0.231396
0.034228
0.121963
0.329355
0.618899
0.614124
0.627106
0.808064
0.073704
0.680998
0.552330
0.917472
0.446590
0.040140
0.369403
0.086721
0.008330
0.117217
0.882448
0.094207
0.657516
0.988685
0.790247
0.358006
0.304201
0.867151
0.954451
0.344487
0.547732
0.214795
0.925281
0.779129
0.249023
0.047244
0.108483
0.867922
0.661368
0.735589
0.675985
0.735072
0.416587
0.228315
0.652544
0.863177
0.268455
0.021947
0.949897
0.276785
0.139163
0.832345
0.370991
0.796679
0.821030
0.161238
0.154685
0.125231
0.028390
0.109137
0.469718
0.576122
0.323931
0.394999
0.355250
0.572954
0.442243
0.463734
0.440876
0.103610
0.199323
0.116861
0.838682
0.615909
0.345176
0.491226
0.479086
0.613631
0.513173
0.428983
0.890415
0.652336
0.261328
0.261407
0.449015
0.082358
0.422645
0.603701
0.207589
0.451035
0.712837
0.677307
0.027157
0.036769
0.072305
0.382407
0.609722
0.514548
0.846141
0.050598
0.618158
0.045464
0.167459
0.456840
0.661373
0.512635
0.948067
0.140459
0.126265
0.461239
0.569443
0.016681
0.113575
0.830771
0.278088
0.562590
0.913129
0.700733
0.166291
0.120718
0.151768
0.879128
0.798025
0.178924
0.915897
0.870330
0.561332
0.525619
0.384878
0.407473
0.576217
0.003036
0.452937
0.743676
0.459877
0.114310
0.256311
0.407943
0.254769
0.382576
0.869183
0.824212
0.399257
0.982758
0.654983
0.677345
0.545348
0.568112
0.378077
0.711639
0.688831
0.529845
0.590767
0.486856
0.708769
0.506663
0.357186
0.270101
0.032282
0.742064
0.677574
0.608500
0.745101
0.130510
0.352176
0.204978
0.244820
0.608486
0.612921
0.499589
0.991063
0.482104
0.323801
0.390320
0.464861
0.978784
0.067664
0.010209
0.546896
0.445741
0.721848
0.235727
0.975586
0.312615
0.722582
0.684355
0.819278
0.079769
0.954456
0.851561
0.821833
0.632030
0.460060
0.566934
0.762540
0.812236
0.771911
0.007360
0.420722
0.384832
0.506949
0.411785
0.866936
0.830750
0.802104
0.331797
0.809534
0.869768
0.342006
0.356430
0.315510
0.063854
0.592156
0.291096
0.376469
0.314739
0.975451
0.195748
0.394507
0.929908
0.047308
0.216340
0.561938
0.507369
0.783274
0.324478
0.319605
0.555185
0.331838
0.740327
0.940017
0.838787
0.152112
0.806953
0.669537
0.954216
0.138750
0.479071
0.823985
0.480756
0.835500
0.139494
0.544610
0.427657
0.430590
0.921080
0.742396
0.406042
0.116827
0.136903
0.335950
0.164136
0.353243
0.897888
0.671505
0.136518
0.222366
0.991109
0.691703
0.554204
0.731436
0.631720
0.392990
0.883548
0.438674
0.062527
0.837764
0.577424
0.541598
0.661749
0.058180
0.377098
0.801243
0.602790
0.804755
0.231833
0.523870
0.547151
0.637875
0.640697
0.684054
0.973825
0.804833
0.037297
0.871712
0.476338
0.173815
0.094078
0.467448
0.865518
0.648281
0.198884
0.497238
0.041272
0.082432
0.935912
0.103799
0.920196
0.513335
0.645397
0.581945
0.571515
0.022495
0.383187
0.174305
0.827250
0.615021
0.698175
0.374401
0.252896
0.338873
0.058454
0.226720
0.143706
0.095751
0.098433
0.620044
0.269566
0.192510
0.087492
0.135084
0.840792
0.286376
0.632322
0.882064
0.368808
0.568234
0.985863
0.289004
0.081569
0.631260
0.870948
0.653084
0.653755
0.254136
0.827390
0.481005
0.869157
0.525565
0.855406
0.122052
0.864438
0.913861
0.348773
0.008144
0.009612
0.447205
0.628189
0.279178
0.639716
0.715681
0.414262
0.480508
0.002057
0.046584
0.362571
0.370865
0.614817
0.348434
0.659868
0.696387
0.979694
0.530817
0.349471
0.633449
0.784953
0.176860
0.114455
0.654109
0.702425
0.969861
0.776162
0.566863
0.883721
0.124934
0.575007
0.893333
0.572140
0.203196
0.172511
0.211856
0.918876
0.586773
0.692363
0.920933
0.633357
0.054935
0.291797
0.248174
0.403369
0.951666
0.944561
0.383063
0.482483
0.294032
0.016512
0.267436
0.470892
0.130967
0.921545
0.173317
0.100828
0.697706
0.740181
0.984549
0.822641
0.315188
0.877883
0.394780
0.518383
0.050394
0.606636
0.437260
0.637167
0.299000
0.358193
0.270524
0.353934
0.649990
0.518698
0.757303
0.601656
0.463259
0.140366
0.084139
0.757291
0.156878
0.351574
0.228183
0.287845
0.273119
0.401501
0.388673
0.970826
0.141681
0.373223
0.793466
0.456869
0.251105
0.188247
0.975252
0.301500
0.794883
0.412512
0.938667
0.093882
0.770705
0.209191
0.447817
0.420695
0.727889
0.205120
0.022351
0.191149
0.345486
0.106489
0.948440
0.502365
0.458064
0.176623
0.790210
0.731183
0.578124
0.178883
0.702008
0.719805
0.552106
0.495475
0.176674
0.803212
0.683721
0.151926
0.104711
0.478604
0.564438
0.043378
0.572487
0.335142
0.252569
0.020304
0.755837
0.980459
0.225424
0.778188
0.171608
0.570910
0.884677
0.120047
0.073275
0.342741
0.296670
0.863485
0.073923
0.874794
0.042368
0.775932
0.594599
0.594474
0.271406
0.771273
0.397686
0.955128
0.923199
0.502397
0.433732
0.487637
0.545775
0.006219
0.822779
0.798345
0.026523
0.578616
0.778803
0.251946
0.356803
0.950411
0.822856
0.241480
0.070458
0.896130
0.584221
0.367129
0.759615
0.658144
0.241923
0.801983
0.434076
0.836522
0.396457
0.705483
0.607795
0.794143
0.660611
0.530993
0.296541
0.094343
0.018630
0.842316
0.100562
0.841409
0.640661
0.127084
0.420025
0.419464
0.379030
0.776828
0.369875
0.201886
0.018308
0.440333
0.098017
0.602530
0.807462
0.857632
0.260674
0.049385
0.659615
0.694750
0.885907
0.056073
0.400233
0.493701
0.850216
0.060843
0.024695
0.146757
0.155186
0.043325
0.989073
0.255748
0.884733
0.629733
0.382832
0.304758
0.049197
0.761862
0.081586
0.419072
0.963749
0.099894
0.859405
0.061765
0.702424
0.666867
0.919397
0.963098
0.716252
0.579012
0.657848
0.602159
0.635085
0.058081
0.095860
0.485301
0.118924
0.120555
0.632057
0.274111
0.163879
0.621130
0.529858
0.048613
0.250863
0.912690
0.353371
0.300060
0.674553
0.434956
0.719132
0.638302
0.534851
0.578538
0.700067
0.237275
0.245405
0.619464
0.200373
0.961657
0.198476
0.858221
0.563816
0.833561
0.916302
0.659676
0.318862
0.035226
0.780231
0.950919
0.309337
0.944111
0.572049
0.839195
0.992723
0.822912
0.751885
0.346094
0.122972
0.426438
0.781050
0.842104
0.064740
0.315901
0.420642
0.764807
0.553176
0.666048
0.384271
0.753549
0.627705
0.582747
0.611769
0.191521
0.416309
0.528071
0.851198
0.735170
0.563297
0.631429
0.686090
0.872634
0.575540
0.258138
0.711829
0.568263
0.081050
0.463714
0.914357
0.204022
0.890152
0.695408
0.046127
0.954892
0.011309
0.466769
0.719699
0.564485
0.132817
0.103970
0.318033
0.760522
0.686717
0.929803
0.952043
0.103025
0.457874
0.803241
0.838196
0.021171
0.434670
0.524286
0.893805
0.010210
0.782424
0.605633
0.578474
0.863474
0.069348
0.492831
0.067496
0.959500
0.188238
0.113623
0.914392
0.199547
0.580392
0.634091
0.764032
0.713208
0.738061
0.082065
0.473730
0.424777
0.011868
0.425773
0.527803
0.469742
0.229014
0.365999
0.490913
0.663685
0.890284
0.384717
0.673895
0.672708
0.990351
0.252369
0.536182
0.059698
0.745200
0.603678
0.019198
0.933438
0.717301
0.933591
0.132985
0.297693
0.567681
0.897017
0.010901
0.305742
0.979082
0.484631
0.730520
0.990950
0.910404
0.258322
0.460692
0.139419
0.624321
0.951605
0.803104
0.514606
0.336322
0.476999
0.187314
0.326673
0.729368
0.723496
0.386371
0.474567
0.327175
0.405569
0.408005
0.044476
0.339160
0.540991
0.342169
0.906841
0.438008
0.353070
0.212583
0.417090
0.837701
0.943103
0.408040
0.748105
0.201425
0.868732
0.887524
0.825747
0.820337
0.690628
0.340353
0.156659
0.167627
0.527667
0.483332
0.896995
0.251163
0.869703
0.371562
0.578338
0.275272
0.779568
0.622814
0.614432
0.320558
0.964983
0.521273
0.758566
0.318053
0.733857
0.175656
0.155754
0.676960
0.583696
0.903859
0.878385
0.452429
0.791383
0.704132
0.272766
0.482011
0.044485
0.429425
0.649638
0.572151
0.912757
0.546633
0.823315
0.782459
0.918196
0.401653
0.057731
0.697763
0.024467
0.672163
0.018322
0.989450
0.193437
0.776888
0.307503
0.927293
0.952544
0.463257
0.604253
0.536240
0.367116
0.482638
0.988669
0.158499
0.186770
0.261435
0.640510
0.231254
0.690860
0.290149
0.803406
0.603617
0.836782
0.626720
0.386076
0.754978
0.028373
0.443808
0.452741
0.052840
0.115971
0.471063
0.042290
0.309407
0.247951
0.349793
0.236701
0.200494
0.813050
0.840954
0.736735
0.180165
0.323592
0.725404
0.338664
0.510362
0.986839
0.979175
0.741616
0.677700
0.269323
0.545022
0.281317
0.106105
0.171742
0.667393
0.861083
0.200115
0.111200
0.313824
0.252955
0.227171
0.784887
0.295245
0.536579
0.032837
0.645039
0.773279
0.233332
0.458088
0.614233
0.970067
0.638254
0.937825
0.695471
0.976918
0.448187
0.682310
0.956093
0.189803
0.360010
0.225416
0.734825
0.641326
0.331521
0.906567
0.308719
0.192604
0.106682
0.419919
0.506429
0.359638
0.647090
0.291316
0.654883
0.183669
0.324153
0.299922
0.956948
0.557485
0.758010
0.571181
0.527552
0.396263
0.509006
0.223022
0.373181
0.957193
0.905332
0.329274
0.146996
0.265342
0.554690
0.881821
0.906668
0.886211
0.788388
0.215387
0.078815
0.895071
0.635306
0.585244
0.254708
0.282396
0.876560
0.909591
0.466065
0.200713
0.209513
0.423013
0.758198
0.967523
0.994194
0.285749
0.363786
0.503201
0.508772
0.736967
0.460394
0.414104
0.066241
0.607390
0.679446
0.620931
0.489211
0.586113
0.507142
0.277600
0.801500
0.585957
0.172670
0.436805
0.171201
0.427378
0.719201
0.047761
0.336969
0.185266
0.248474
0.546482
0.608278
0.006672
0.514005
0.602472
0.292421
0.877791
0.105673
0.801193
0.614758
0.566067
0.215297
0.680999
0.173457
0.894742
0.301929
0.662668
0.480856
0.809071
0.940268
0.282355
0.395028
0.112938
0.719161
0.566229
0.540316
0.438362
0.613990
0.877286
0.623628
0.862464
0.423768
0.231906
0.869136
0.937772
0.834378
0.161557
0.815563
0.940051
0.962750
0.430321
0.506118
0.178047
0.111319
0.679575
0.072789
0.413249
0.342243
0.553645
0.222319
0.282511
0.836000
0.617347
0.395448
0.555161
0.183576
0.935764
0.993523
0.797566
0.813050
0.617150
0.660030
0.236818
0.849056
0.529166
0.174590
0.683435
0.690723
0.990153
0.623486
0.653473
0.420474
0.129604
0.831520
0.531793
0.809179
0.904309
0.945042
0.151422
0.457954
0.167361
0.433932
0.293954
0.784708
0.829380
0.849115
0.968284
0.765145
0.842638
0.765850
0.578195
0.459788
0.425880
0.815012
0.308845
0.955046
0.989602
0.992280
0.645769
0.979756
0.615766
0.299242
0.400230
0.745369
0.130762
0.932023
0.554548
0.035071
0.877065
0.705970
0.493025
0.044427
0.139902
0.786979
0.829135
0.969282
0.636094
0.797419
0.734427
0.478732
0.563270
0.312622
0.938521
0.989150
0.127634
0.247365
0.944196
0.117236
0.239645
0.589965
0.096992
0.855410
0.889207
0.497222
0.600780
0.019969
0.429245
0.155328
0.055041
0.306310
0.861298
0.548066
0.350737
0.001200
0.335045
0.179872
0.970482
0.971140
0.977291
0.704909
0.449872
0.540561
0.017531
0.388392
0.529711
0.145165
0.635758
0.473907
0.262401
0.875403
0.063872
0.359393
0.730813
0.953079
0.856615
0.331593
0.973048
0.285860
0.486921
0.028089
0.592170
0.348219
0.576154
0.942907
0.349419
0.911199
0.122778
0.319901
0.882339
0.100069
0.024810
0.332211
0.640630
0.042340
0.720603
0.170341
0.187505
0.356361
0.644247
0.449906
0.231764
0.708119
0.809299
0.962577
0.661198
0.665914
0.294171
0.634245
0.951773
0.781092
0.662334
0.543943
0.129311
0.238488
0.486850
0.478730
0.149688
0.609628
0.798631
0.032027
0.709697
0.823441
0.364238
0.350327
0.865781
0.084841
0.520668
0.053286
0.441202
0.164915
0.503192
0.672966
0.873034
0.312490
0.635543
0.534231
0.978404
0.929714
0.168477
0.930177
0.710806
0.830811
0.474120
0.840117
0.069299
0.960970
0.318847
0.218987
0.570598
0.117478
0.251014
0.280295
0.940919
0.615251
0.630622
0.806700
0.700092
0.151290
0.859986
0.141294
0.316205
0.363178
0.814260
0.189239
0.675668
0.449804
0.723470
0.654072
0.379518
0.891947
0.584249
0.090324
0.722758
0.058369
0.930441
0.792057
0.019339
0.249288
0.011044
0.589937
0.366766
0.262058
0.870231
0.307685
0.877309
0.500853
0.114385
0.577401
0.652143
0.974371
0.718696
0.968348
0.337548
0.532956
0.157587
0.013216
0.982760
0.881057
0.667288
0.362277
0.773005
0.251537
0.452601
0.495763
0.309907
0.383042
0.287820
0.329246
0.632330
0.298864
0.919182
0.999096
0.560922
0.789414
0.306780
0.438231
0.290267
0.421165
0.015633
0.942410
0.395536
0.734328
0.910759
0.733084
0.267284
0.068346
0.746300
0.250044
0.949403
0.413589
0.612321
0.722408
0.665126
0.064922
0.218170
0.975033
0.447964
0.505990
0.304278
0.080294
0.804854
0.223461
0.079389
0.365776
0.012874
0.386170
0.804007
0.303141
0.807335
0.819640
0.245552
0.202871
0.553968
0.156310
0.935955
0.821253
0.224656
0.682255
0.071297
0.174059
0.095844
0.683618
0.896467
0.760970
0.748540
0.114637
0.736002
0.196504
0.620627
0.040281
0.276798
0.425481
0.263741
0.356187
0.791257
0.276616
0.742357
0.595265
0.579757
0.549692
0.414905
0.825309
0.752563
0.968873
0.981619
0.688518
0.790126
0.206275
0.370773
0.861422
0.380334
0.466617
0.545040
0.276801
0.227587
0.293580
0.391438
0.963589
0.490084
0.012064
0.003870
0.766882
0.437545
0.267611
0.123069
0.228802
0.544227
0.865426
0.824067
0.123984
0.415118
0.238972
0.949293
0.167680
0.207845
0.930913
0.856198
0.997971
0.137188
0.226971
0.859393
0.517522
0.693588
0.404433
0.794323
0.921175
0.698013
0.185760
0.884764
0.188097
0.197825
0.888634
0.954979
0.635370
0.156245
0.078048
0.864172
0.700473
0.943474
0.688239
0.824457
0.358592
0.927211
0.773750
0.526272
0.135056
0.704663
0.382470
0.133027
0.841851
0.609442
0.992420
0.359373
0.303030
0.396853
0.153696
0.224205
0.094866
0.339456
0.108969
0.282963
0.537281
0.997604
0.237943
0.172651
0.153849
0.315991
0.036824
0.854322
0.259465
0.725063
0.678779
0.618057
0.652274
0.452529
0.144329
0.787330
0.157192
0.526800
0.920357
0.999043
0.136241
0.912777
0.358416
0.439271
0.309629
0.512112
0.663477
0.404496
0.851568
0.772446
0.687459
0.388849
0.770050
0.925402
0.561500
0.923899
0.241393
0.598324
0.778220
0.500858
0.323387
0.456999
0.118915
0.975661
0.909528
0.263245
0.762992
0.066720
0.790044
0.683349
0.065763
0.926286
0.596125
0.424179
0.365557
0.905755
0.936291
0.029034
0.310250
0.787859
0.801480
0.997709
0.176709
0.571530
0.923111
0.738209
0.495428
0.164504
0.336533
0.273649
0.665362
0.659920
0.730648
0.784278
0.635581
0.640176
0.047523
0.398573
0.706896
0.837567
0.081921
0.772660
0.763853
0.678046
0.196839
0.129410
0.583801
0.133130
0.158444
0.894051
0.920989
0.959924
0.891761
0.097698
0.531453
0.814872
0.835907
0.026882
0.979376
0.172440
0.300530
0.644738
0.832360
0.031178
0.429016
0.467941
0.671354
0.476538
0.866513
0.378251
0.314105
0.948435
0.150910
0.077958
0.626481
0.347749
0.207368
0.210282
0.480879
0.365812
0.104334
0.401868
0.325736
0.996094
0.499566
0.857189
0.810966
0.335473
0.884071
0.790341
0.507913
0.184601
0.435079
0.340272
0.215779
0.864095
0.808213
0.887134
0.340634
0.674726
0.265385
0.654739
0.623161
0.416295
0.732697
0.249642
0.764044
0.940065
0.459924
0.244923
0.305878
0.564257
0.646792
0.631613
0.560352
0.146358
0.488803
0.371317
0.481831
0.372873
0.161659
0.989744
0.557475
0.596738
0.330016
0.773254
0.460834
0.138229
0.660388
0.801467
0.812955
0.925773
0.456206
0.436116
0.342068
0.188903
0.685758
0.106112
0.128969
0.145682
0.351035
0.434847
0.709940
0.997827
0.066460
0.270291
0.144185
0.555263
0.641608
0.626016
0.928136
0.803267
0.615760
0.485610
0.400006
0.945776
0.258864
0.860839
0.084005
0.919252
0.662306
0.896961
0.845025
0.118513
0.333077
0.187093
0.307416
0.018835
0.293205
0.436385
0.164517
0.644240
0.871232
0.874457
0.642068
0.937691
0.144748
0.786253
0.492954
0.786357
0.412269
0.421090
0.589624
0.028029
0.906700
0.989629
0.973806
0.165565
0.850469
0.057811
0.084817
0.512775
0.954772
0.929842
0.631287
0.287849
0.116935
0.938703
0.306685
0.410140
0.375088
0.471202
0.054380
0.246320
0.345659
0.696447
0.184011
0.490407
0.482700
0.676965
0.276764
0.894970
0.098055
0.866388
0.922999
0.004755
0.856017
0.896804
0.170320
0.706486
0.954615
0.255137
0.219260
0.909387
0.184979
0.850548
0.197237
0.301914
0.789251
0.503921
0.712054
0.164340
0.975123
0.766434
0.410660
0.320782
0.462881
0.594671
0.811190
0.945582
0.271636
0.087953
0.840551
0.369692
0.954341
0.763550
0.374447
0.810358
0.660354
0.544767
0.516843
0.614970
0.799904
0.736104
0.524357
0.984884
0.586652
0.721594
0.286798
0.375903
0.225515
0.998852
0.540243
0.200638
0.765285
0.950903
0.521421
0.228167
0.545574
0.332610
0.173748
0.817210
0.420564
0.014299
0.186902
0.374904
0.777849
0.561349
0.185262
0.438204
0.106116
0.702106
0.053173
0.906020
0.438209
0.577531
0.890904
0.024861
0.299124
0.177702
0.400764
0.524640
0.176553
0.941007
0.725278
0.941839
0.891910
0.246699
0.170005
0.437483
0.579309
0.343753
0.254693
0.999873
0.358053
0.441595
0.374777
0.135902
0.002944
0.560039
0.574105
0.109059
0.262145
0.627279
0.015079
0.700354
0.204809
0.905983
0.725215
0.503934
0.083685
0.125980
0.028573
0.260238
0.066987
0.753851
0.202076
0.958897
0.000550
0.372082
0.396380
0.579859
0.715835
0.651074
0.579732
0.073888
0.092669
0.954509
0.209789
0.095612
0.514548
0.783895
0.204672
0.776693
0.411174
0.219751
0.477047
0.615983
0.125734
0.202262
0.119917
0.209419
0.328242
0.148490
0.469656
0.395229
0.902342
0.671733
0.354126
0.902892
0.043814
0.750506
0.482751
0.759649
0.401580
0.062483
0.833537
0.494248
0.016991
0.043326
0.589861
0.531539
0.827221
0.794532
0.308232
0.238394
0.014283
0.785279
0.854377
0.140017
0.987541
0.974294
0.349436
0.315783
0.122784
0.819092
0.711012
0.025126
0.490825
0.065137
0.928017
0.534639
0.815643
0.410768
0.294288
0.217223
0.473251
0.127825
0.711471
0.490242
0.171151
0.301332
0.021782
0.998372
0.095864
0.330014
0.236766
0.110147
0.115292
0.091143
0.250165
0.102833
0.065437
0.599601
0.418616
0.188221
0.418693
0.129628
0.213347
0.909518
0.194765
0.141364
0.444157
0.010408
0.552133
0.738445
0.227631
0.025383
0.866270
0.939102
0.515626
0.037421
0.240434
0.537408
0.035793
0.336298
0.867421
0.272559
0.446445
0.982714
0.363702
0.696610
0.085547
0.429139
0.296210
0.504163
0.617361
0.714903
0.633790
0.830708
0.624421
0.828555
0.972072
0.068578
0.838964
0.524204
0.807023
0.066595
0.549588
0.673293
0.005697
0.065214
0.710715
0.246131
0.602621
0.746508
0.582429
0.470043
0.019067
0.028874
0.452756
0.382769
0.725484
0.538303
0.811908
0.021694
0.042466
0.429268
0.736598
0.676256
0.259976
0.361018
0.504811
0.232048
0.429596
0.343775
0.756252
0.236619
0.410370
0.305840
0.909913
0.416068
0.371054
0.620628
0.662199
0.973675
0.367135
0.244628
0.443718
0.386202
0.273502
0.896474
0.768970
0.998987
0.434777
0.580878
0.020681
0.477243
0.010147
0.757279
0.153499
0.270123
0.118297
0.658310
0.502171
0.547893
0.002086
0.258423
0.784513
0.412456
0.564263
0.694425
0.828524
0.935317
0.315053
0.490723
0.908993
0.682188
0.735351
0.352711
0.068390
0.008853
0.249186
0.837360
0.007840
0.683963
0.418239
0.028521
0.161206
0.428386
0.785799
0.314705
0.698508
0.904096
0.973016
0.200679
0.451989
0.975101
0.459102
0.236502
0.387557
0.023366
0.930927
0.216081
0.958683
0.245980
0.706804
0.867676
0.928168
0.442155
0.220387
0.996558
0.451008
0.469573
0.833919
0.458847
0.153536
0.252158
0.487368
0.314742
0.680543
0.273167
0.629447
0.379052
0.177263
0.602462
0.579731
0.629252
0.577564
0.038833
0.865753
0.965121
0.062199
0.796681
0.181202
0.020882
0.042661
0.888006
0.888557
0.970829
0.330161
0.108944
0.967388
0.781168
0.578517
0.801307
0.240015
0.732052
0.053465
0.727383
0.046794
0.734008
0.000550
0.676241
0.113060
0.177812
0.278703
0.692791
0.807064
0.856267
0.731624
0.672818
0.821388
0.793822
0.469498
0.002590
0.814704
0.512159
0.890596
0.703261
0.482989
0.220757
0.812206
0.450376
0.001925
0.390723
0.251683
0.241941
0.122775
0.305148
0.969324
0.169569
0.039156
0.969874
0.845810
0.152216
0.147686
0.124513
0.845006
0.954750
0.980779
0.576630
0.627568
0.802167
0.370453
0.097067
0.804757
0.185157
0.609226
0.695353
0.888418
0.092214
0.916110
0.700624
0.542591
0.918035
0.091346
0.794274
0.159976
0.214121
0.099421
0.129300
0.383691
0.138577
0.099174
0.229500
0.290793
0.246860
0.354013
0.135799
0.201611
0.334792
0.712429
0.829179
0.136959
0.082882
0.926245
0.941716
0.268038
0.535471
0.637069
0.156456
0.627685
0.553179
0.857080
0.170276
0.471214
0.948426
0.964550
0.631191
0.162548
0.063971
0.760491
0.546238
0.202548
0.859664
0.775739
0.493341
0.106524
0.129752
0.629140
0.308135
0.464544
0.341569
0.137314
0.601502
0.424451
0.063559
0.543218
0.692489
0.599030
0.180287
0.848945
0.226716
0.733466
0.706025
0.396992
0.204681
0.654451
0.361542
0.835871
0.816999
0.425513
0.596362
0.363238
0.628062
0.456026
0.138976
0.121403
0.562551
0.268728
0.750543
0.870686
0.733271
0.092112
0.008000
0.334774
0.516562
0.071559
0.877992
0.209051
0.670589
0.058279
0.057997
0.897305
0.791745
0.764022
0.294297
0.996426
0.418473
0.655838
0.832297
0.235472
0.081351
0.428659
0.598710
0.709413
0.884685
0.737686
0.830815
0.447236
0.006414
0.581358
0.317921
0.739685
0.673470
0.325921
0.074459
0.190032
0.397480
0.952451
0.399083
0.068068
0.010730
0.457080
0.965373
0.802475
0.221102
0.259670
0.798901
0.639575
0.915508
0.631197
0.875047
0.996859
0.059856
0.473757
0.706272
0.944541
0.211443
0.537088
0.391777
0.217856
0.118446
0.709698
0.957541
0.791915
0.035619
0.032000
0.981947
0.433099
0.984450
0.381031
0.501167
0.995180
0.838111
0.466540
0.797655
0.059212
0.726210
0.596555
0.698787
0.641718
0.227753
0.573834
0.638577
0.287609
0.047591
0.344849
0.232150
0.259034
0.881937
0.623926
0.476890
0.000383
0.333624
0.434431
0.792298
0.369243
0.466431
0.774245
0.802342
0.450881
0.155276
0.303509
0.446061
0.993387
0.770050
0.243715
0.052599
0.496260
0.840271
0.751386
0.137977
0.068023
0.325220
0.776554
0.355632
0.372811
0.121404
0.587781
0.631845
0.003341
0.211708
0.108735
0.003723
0.545332
0.543166
0.796021
0.914575
0.009596
0.570266
0.716917
0.460477
0.725542
0.020427
0.906538
0.718929
0.790476
0.150253
0.771528
0.286736
0.990524
0.522914
0.424713
0.058547
0.848134
0.201268
0.414179
0.220945
0.322671
0.001960
0.852790
0.326012
0.213668
0.961525
0.329735
0.759000
0.504691
0.125756
0.673575
0.514287
0.696023
0.390492
0.974764
0.421565
0.410919
0.881303
0.140494
0.201395
0.031556
0.912022
0.488131
0.022080
0.434936
0.912844
0.080627
0.283070
0.114111
0.494806
0.504015
0.436783
0.496767
0.356806
0.762795
0.710434
0.318331
0.092530
0.469434
0.823021
0.218287
0.143009
0.337308
0.914309
0.533501
0.312073
0.335874
0.944420
0.193376
0.476368
0.145815
0.224932
0.388390
0.633946
0.247012
0.823325
0.546789
0.327639
0.106395
0.660900
0.822445
0.610411
0.097683
0.319212
0.967216
0.860478
0.029646
0.285547
0.953008
0.499080
0.108568
0.171294
0.642089
0.445877
0.085604
0.175590
0.757950
0.421478
0.120010
0.951325
0.897846
0.265825
0.176257
0.286236
0.899771
0.423269
0.109561
0.446560
0.750908
0.215956
0.107460
0.573353
0.826367
0.205144
0.892565
0.793583
0.065621
0.922211
0.079130
0.018629
0.421291
0.187699
0.189923
0.063380
0.633575
0.275527
0.238971
0.391525
0.697005
0.358981
0.342850
0.594850
0.624806
0.519107
0.881086
0.524577
0.942376
0.990647
0.971137
0.693284
0.206604
0.078597
0.266636
0.032970
0.283740
0.159201
0.826554
0.349362
0.081412
0.905684
0.367991
0.502703
0.093383
0.557914
0.566083
0.726958
0.833441
0.805054
0.118483
0.530445
0.164035
0.461333
0.125296
0.788841
0.980440
0.006382
0.313417
0.922816
0.997029
0.284554
0.616100
0.203632
0.363151
0.882736
0.236603
0.646891
0.041937
0.063157
0.996253
0.123349
0.968841
0.364244
0.626052
0.062223
0.922157
0.192136
0.789181
0.755598
0.997190
0.907664
0.286043
0.161224
0.368997
0.411339
0.950065
0.349437
0.417720
0.263482
0.272254
0.414749
0.548036
0.888354
0.618382
0.911186
0.771090
0.854985
0.558078
0.813027
0.918142
0.554330
0.936377
0.886982
0.918574
0.562429
0.949206
0.840731
0.754565
0.738387
0.596329
0.751754
0.646051
0.882372
0.912979
0.015048
0.293711
0.863044
0.364485
0.711432
0.126526
0.636739
0.126181
0.674561
0.525093
0.744563
0.585748
0.296183
0.599548
0.143825
0.109210
0.517690
0.698156
0.045586
0.404672
0.616730
0.608015
0.353878
0.457461
0.362580
0.092264
0.053790
0.114335
0.738315
0.936163
0.027314
0.753363
0.229874
0.890357
0.117848
0.941306
0.016883
0.754587
0.067487
0.691444
0.279679
0.812050
0.277192
0.575862
0.411598
0.421018
0.685072
0.929288
0.119173
0.730658
0.333960
0.735903
0.338674
0.687837
0.193364
0.701254
0.780101
0.247155
0.815588
0.518416
0.183318
0.842902
0.271779
0.413192
0.733259
0.389627
0.354498
0.750142
0.144213
0.421985
0.441587
0.423893
0.234035
0.718779
0.999754
0.645633
0.139796
0.684826
0.574921
0.258970
0.415484
0.908881
0.994873
0.754158
0.596718
0.188237
0.455411
0.376819
0.435392
0.271000
0.895236
0.618709
0.113902
0.167014
0.031901
0.847161
0.556641
0.386399
0.597303
0.700854
0.808384
0.038890
0.124747
0.042419
0.757669
0.124501
0.688052
0.897465
0.809327
0.262973
0.156435
0.224811
0.171854
0.151308
0.978969
0.768571
0.339545
0.434380
0.145390
0.774937
0.705380
0.040626
0.393646
0.819282
0.207640
0.425547
0.666443
0.764281
0.811947
0.263746
0.465135
0.620330
0.302636
0.589882
0.662749
0.060304
0.714383
0.350802
0.957769
0.523710
0.613775
0.114204
0.748521
0.785628
0.265512
0.727490
0.554199
0.605057
0.161870
0.699590
0.379993
0.867249
0.740216
0.773640
0.686531
0.947856
0.199187
0.352974
0.712137
0.011134
0.616720
0.177273
0.631464
0.919355
0.767155
0.294213
0.979660
0.481538
0.645015
0.937429
0.005248
0.258790
0.051633
0.753769
0.044418
0.317145
0.481259
0.598617
0.922202
0.643129
0.298207
0.302195
0.510378
0.038423
0.075835
0.196909
0.986279
0.275022
0.549883
0.698417
0.286155
0.166603
0.875690
0.917619
0.085958
0.642845
0.211833
0.065618
0.124383
0.856848
0.003046
0.129631
0.115638
0.054680
0.883400
0.160055
0.371824
0.364659
0.758673
0.294026
0.007788
0.056880
0.596221
0.518166
0.095303
0.672056
0.715075
0.081582
0.947078
0.264958
0.779999
0.233234
0.431561
0.655689
0.150853
0.517519
0.298534
0.362686
0.583136
0.422916
0.219534
0.586183
0.552547
0.335171
0.640862
0.435947
0.495227
0.012687
0.800606
0.253900
0.306713
0.808394
0.310780
0.902934
0.326560
0.406083
0.574991
0.041635
0.487665
0.522069
0.306593
0.267664
0.755302
0.738154
0.923353
0.906155
0.255673
0.221887
0.268841
0.838809
0.644803
0.488375
0.424992
0.197350
0.823547
0.065854
0.633297
0.318774
0.078541
0.433903
0.572673
0.385254
0.242297
0.883453
0.288188
0.568857
0.289536
0.863179
0.610492
0.777201
0.385247
0.917085
0.044865
0.140550
0.655239
0.968218
0.046705
0.910911
0.190105
0.315547
0.749720
0.834908
0.803922
0.174712
0.032258
0.627469
0.240566
0.665555
0.946243
0.319107
0.099458
0.518916
0.704361
0.341755
0.402369
0.992549
0.910612
0.691905
0.855728
0.521103
0.469105
0.240975
0.438188
0.513970
0.381525
0.093427
0.482189
0.428230
0.004338
0.672294
0.743777
0.754058
0.507201
0.547699
0.928770
0.539459
0.175168
0.169336
0.205014
0.121411
0.488443
0.304472
0.640327
0.192804
0.646227
0.042697
0.185353
0.556839
0.734601
0.041080
0.077942
0.203707
0.282055
0.516130
0.717677
0.663580
0.609557
0.199866
0.091810
0.613894
0.872159
0.835587
0.367953
0.379361
0.383286
0.296723
0.918820
0.558455
0.466059
0.123835
0.679866
0.954502
0.428307
0.320193
0.147306
0.074534
0.362890
0.332658
0.631373
0.097491
0.373738
0.709315
0.301198
0.655793
0.225445
0.018875
0.319373
0.835002
0.218741
0.411184
0.448897
0.090900
0.246771
0.816849
0.470261
0.630057
0.113572
0.389082
0.188512
0.579631
0.512916
0.868378
0.534133
0.941223
0.188572
0.681439
0.015757
0.551462
0.014098
0.647131
0.648953
0.387836
0.356446
0.950151
0.043630
0.581892
0.969027
0.363003
0.416894
0.187768
0.774187
0.865790
0.278668
0.020957
0.682640
0.748929
0.651015
0.796212
0.138011
0.839527
0.375843
0.650927
0.707905
0.909976
0.592150
0.896476
0.591415
0.607908
0.447938
0.605513
0.255038
0.096891
0.993349
0.611485
0.047043
0.036979
0.193376
0.016069
0.399982
0.610270
0.203837
0.174168
0.476060
0.482505
0.195126
0.158700
0.231434
0.846140
0.954912
0.369445
0.685667
0.330755
0.020372
0.393571
0.240731
0.612522
0.290048
0.832146
0.220429
0.737986
0.437659
0.475468
0.834877
0.431008
0.086952
0.881920
0.467987
0.280328
0.897989
0.867968
0.890598
0.101826
0.042136
0.366659
0.584330
0.237262
0.525359
0.815764
0.083402
0.480271
0.185209
0.769069
0.811025
0.205580
0.162640
0.051756
0.818102
0.452688
0.883902
0.038531
0.190674
0.321561
0.513999
0.025552
0.752569
0.600951
0.907472
0.220555
0.881279
0.805461
0.088524
0.771877
0.907286
0.130660
0.138536
0.491617
0.367922
0.663895
0.307381
0.451324
0.144166
0.492590
0.220393
0.955191
0.698170
0.383033
0.006947
0.516272
0.835721
0.890849
0.554804
0.026395
0.212410
0.068802
0.051947
0.964979
0.669753
0.959418
0.185535
0.551032
0.764879
0.274058
0.322910
0.672165
0.404718
0.461446
0.163782
0.772640
0.125341
0.471162
0.223964
0.269507
0.963752
0.444357
0.224698
0.661922
0.827390
0.231646
0.178194
0.663111
0.122495
0.732998
0.689506
0.334905
0.801800
0.741453
0.299884
0.471554
0.700871
0.485419
0.022586
0.465750
0.759477
0.345496
0.137915
0.164195
0.806942
0.301696
0.936836
0.932284
0.772859
0.160800
0.201791
0.736611
0.605158
0.426489
0.398533
0.432548
0.658135
0.576727
0.095658
0.780630
0.309725
0.785164
0.115535
0.111525
0.526617
0.415419
0.583079
0.227488
0.900838
0.605665
0.693237
0.660315
0.951162
0.831152
0.824511
0.758104
0.132848
0.761347
0.690387
0.905707
0.922147
0.892178
0.642317
0.527305
0.318667
0.040850
0.959852
0.976802
0.617577
0.055511
0.757432
0.927302
0.840675
0.872966
0.038828
0.367292
0.288386
0.621907
0.594780
0.189224
0.227573
0.288017
0.849539
0.178734
0.119169
0.674050
0.936838
0.252017
0.435397
0.627226
0.157724
0.357544
0.519404
0.800041
0.884848
0.838071
0.840892
0.844700
0.814873
0.458469
0.900211
0.572305
0.385771
0.740886
0.445271
0.424599
0.108178
0.733657
0.046507
0.702957
0.922881
0.274079
0.990974
0.772420
0.452813
0.110143
0.446470
0.389652
0.362160
0.881867
0.016877
0.519884
0.239411
0.536281
0.319926
0.124259
0.374352
0.160817
0.968960
0.189225
0.619286
0.869171
0.761530
0.005058
0.610057
0.206801
0.429657
0.718234
0.940457
0.476164
0.421192
0.863338
0.750243
0.412166
0.635758
0.203057
0.522309
0.082229
0.592708
0.884469
0.964096
0.609585
0.404353
0.203507
0.145866
0.724278
0.327766
0.520218
0.885096
0.296726
0.709443
0.504382
0.165897
0.470973
0.509440
0.775953
0.677774
0.939097
0.494188
0.618231
0.415261
0.915379
0.481569
0.165504
0.327545
0.117328
0.368560
0.849853
0.199556
0.961268
0.734322
0.163652
0.570854
0.138675
0.367159
0.716720
0.862954
0.694925
0.236939
0.748049
0.991650
0.946382
0.252431
0.157547
0.417355
0.761871
0.933500
0.095129
0.700968
0.427688
0.713360
0.116229
0.343067
0.194929
0.281732
0.670612
0.312257
0.650293
0.520465
0.511813
0.611561
0.254787
0.675465
0.182415
0.393463
0.042624
0.899135
0.256416
0.737549
0.136074
0.004465
0.729199
0.082456
0.256896
0.886746
0.499811
0.018767
0.820247
0.594940
0.719735
0.247934
0.308299
0.835964
0.591001
0.503229
0.117696
0.261613
0.815485
0.767989
0.782079
0.327299
0.379550
0.036866
0.002764
0.561965
0.430329
0.045388
0.461100
0.686745
0.782936
0.597174
0.691210
0.512135
0.679630
0.948106
0.398882
0.179441
0.966873
0.219128
0.774380
0.686608
0.467063
0.082680
0.522572
0.058064
0.585908
0.640268
0.319677
0.401394
0.408256
0.101756
0.728692
0.787806
0.138622
0.731456
0.349771
0.568951
0.776844
0.810871
0.255695
0.559780
0.408045
0.946905
0.071916
0.087675
0.895012
0.470797
0.267116
0.861885
0.689925
0.041496
0.548493
0.156988
0.124176
0.071065
0.215052
0.710084
0.711333
0.534730
0.111478
0.119590
0.636486
0.840170
0.907396
0.775108
0.571626
0.257167
0.344058
0.348470
0.068038
0.599754
0.908250
0.476083
0.546659
0.980166
0.563758
0.441670
0.450963
0.830874
0.303555
0.140888
0.872370
0.852049
0.297876
0.996546
0.923114
0.512929
0.706630
0.634447
0.047658
0.818108
0.754037
0.684144
0.658278
0.661433
0.459252
0.229905
0.918600
0.803310
0.578375
0.986638
0.403064
0.486625
0.462721
0.949722
0.466791
0.026479
0.391393
0.917753
0.857353
0.694948
0.058642
0.729723
0.546997
0.356518
0.726269
0.470111
0.869447
0.432900
0.104558
0.917105
0.251008
0.858595
0.601249
0.909286
0.520027
0.060501
0.139191
0.438627
0.863811
0.717566
0.425265
0.266874
0.204191
0.887985
0.216597
0.670981
0.914465
0.607989
0.588735
0.771818
0.302937
0.647376
0.501541
0.849934
0.003895
0.227810
0.320044
0.873341
0.660710
0.424602
0.790447
0.911718
0.283197
0.391696
0.821004
0.803224
0.452196
0.960195
0.241851
0.316007
0.677761
0.667115
0.582881
0.881952
0.555101
0.799478
0.552933
0.469565
0.407467
0.141668
0.241383
0.710404
0.789044
0.742924
0.560338
0.792939
0.970734
0.880382
0.666280
0.631444
0.304985
0.456727
0.543162
0.588181
0.848422
0.364166
0.391405
0.300619
0.324361
0.633256
0.616626
0.002122
0.300371
0.199508
0.884074
0.855472
0.998986
0.437006
0.325038
0.406453
0.578674
0.566421
0.116857
0.367718
0.309345
0.677195
0.160657
0.280079
0.557578
0.826937
0.911523
0.862563
0.283664
0.454685
0.450744
0.132086
0.818851
0.842149
0.432705
0.143212
0.475406
0.049331
0.145333
0.775777
0.248839
0.029407
0.631249
0.247825
0.466413
0.956287
0.654278
0.045087
0.522707
0.771135
0.412805
0.832052
0.448331
0.573462
0.112131
0.005909
0.400399
0.023654
0.868471
0.684063
0.478339
0.319215
0.816149
0.297189
0.161365
0.248854
0.440401
0.636770
0.298186
0.585734
0.412547
0.547025
0.615141
0.043796
0.794850
0.081555
0.000083
0.449127
0.126642
0.522790
0.220262
0.539448
0.354842
0.668593
0.112910
0.466973
0.674502
0.513309
0.490627
0.542973
0.197372
0.968966
0.862188
0.013522
0.266156
0.023552
0.262376
0.706556
0.660322
0.560562
0.292291
0.072869
0.107587
0.907432
0.116666
0.902436
0.988987
0.116749
0.351564
0.115629
0.639539
0.571826
0.655077
0.994382
0.240419
0.767986
0.461355
0.914921
0.281296
0.951982
0.457893
0.478668
0.920949
0.320081
0.492190
0.187104
0.343633
0.754566
0.893660
0.003956
0.315127
0.185951
0.076825
0.422714
0.093383
0.193491
0.325150
0.082370
0.310240
0.676714
0.197999
0.949779
0.248540
0.853076
0.944160
0.488959
0.621062
0.405515
0.403879
0.902358
0.357498
0.861772
0.381026
0.278446
0.181854
0.873215
0.465550
0.525487
0.627781
0.359211
0.529443
0.942908
0.545162
0.606268
0.365622
0.638545
0.799759
0.690772
0.720915
0.109999
0.367486
0.918914
0.059778
0.616026
0.771990
0.003938
0.104985
0.393052
0.409453
0.508864
0.295409
0.766951
0.370636
0.676435
0.045397
0.552490
0.549650
0.510947
0.077977
0.177431
0.870157
0.607420
0.120339
0.415319
0.213688
0.485961
0.053864
0.013447
0.176733
0.774779
0.123446
0.544220
0.693693
0.183224
0.160246
0.465683
0.187162
0.265230
0.858735
0.596615
0.774094
0.154144
0.363566
0.144731
0.830579
0.408963
0.697220
0.380229
0.919909
0.775197
0.557660
0.790067
0.382617
0.677998
0.205386
0.596305
0.163959
0.259250
0.609752
0.340693
0.034029
0.733199
0.884913
0.727723
0.916423
0.045158
0.193406
0.103585
0.310389
0.052141
0.700200
0.084483
0.206285
0.063766
0.229214
0.036864
0.472728
0.926434
0.417093
0.392638
0.701632
0.974753
0.182704
0.084249
0.652751
0.388090
0.680554
0.816710
0.647340
0.290306
0.157403
0.681370
0.023505
0.042316
0.409093
0.939928
0.087474
0.602499
0.043512
0.397863
0.654640
0.743712
0.482346
0.860925
0.807478
0.711560
0.897789
0.280206
0.637994
0.314882
0.672844
0.339626
0.289634
0.855548
0.423874
0.942385
0.243639
0.104428
0.759095
0.890979
0.394734
0.916499
0.572349
0.418239
0.958814
0.981442
0.358167
0.046289
0.583940
0.401679
0.444151
0.238580
0.145391
0.926498
0.099505
0.952869
0.638057
0.997293
0.233075
0.276051
0.312175
0.905919
0.615677
0.601809
0.761467
0.039551
0.544194
0.005106
0.143979
0.303289
0.896085
0.538714
0.219788
0.468434
0.956953
0.178602
0.449876
0.315120
0.224891
0.033816
0.716799
0.669042
0.272396
0.862190
0.595540
0.371901
0.815059
0.233597
0.369194
0.048135
0.509649
0.681369
0.954054
0.125326
0.283178
0.715521
0.164878
0.827372
0.720627
0.308857
0.130661
0.616712
0.847571
0.350449
0.085146
0.804524
0.529051
0.535022
0.119643
0.753942
0.568838
0.836442
0.422985
0.841234
0.698632
0.018525
0.213135
0.513691
0.252122
0.582329
0.561826
0.761771
0.263698
0.515880
0.887097
0.546876
0.231401
0.051974
0.374247
0.952028
0.360832
0.504908
0.568741
0.208402
0.855357
0.653887
0.012926
0.384408
0.188909
0.132569
0.138350
0.757747
0.969011
0.561334
0.598981
0.667643
0.579859
0.812116
0.181334
0.831981
0.394445
0.743160
0.593752
0.658143
0.259040
0.480849
0.205019
0.490441
0.532823
0.579266
0.442469
0.893655
0.084174
0.011209
0.102057
0.939530
0.665096
0.114983
0.323938
0.854005
0.247552
0.462288
0.611752
0.216563
0.023623
0.210733
0.884205
0.603482
0.022849
0.065539
0.435463
0.417295
0.808699
0.029215
0.075438
0.067739
0.510064
0.280457
0.558180
0.042887
0.859722
0.000649
0.936542
0.943896
0.011858
0.038599
0.883427
0.676954
0.153582
0.207365
0.530959
0.401134
0.669653
0.142711
0.617697
0.693276
0.353445
0.501902
0.296757
0.376294
0.567441
0.732220
0.793589
0.376141
0.761435
0.869027
0.443880
0.271499
0.149483
0.002059
0.314386
0.009206
0.002708
0.250929
0.953102
0.014566
0.289528
0.836529
0.691520
0.443110
0.043894
0.222479
0.844245
0.713547
0.365190
0.461942
0.406822
0.718635
0.963844
0.703580
0.094929
0.531285
0.435800
0.888518
0.907426
0.197235
0.757545
0.351305
0.468734
0.907028
0.353365
0.783121
0.916233
0.356072
0.034049
0.869335
0.370638
0.323577
0.705864
0.062158
0.766688
0.749758
0.284637
0.610933
0.463304
0.649827
0.072874
0.870127
0.368462
0.036718
0.573707
0.463392
0.568003
0.009507
0.351910
0.475429
0.206742
0.109454
0.826735
0.675477
0.016482
0.180099
0.458598
0.932715
0.536172
0.492647
0.802051
0.906809
0.816224
0.507915
0.968967
0.582912
0.257672
0.253604
0.193845
0.720977
0.903431
0.266719
0.591103
0.271894
0.303437
0.164810
0.735285
0.871440
0.174317
0.087195
0.346869
0.381060
0.196649
0.173604
0.056536
0.213131
0.353703
0.515134
0.145846
0.889875
0.007781
0.947897
0.796684
0.824005
0.455811
0.765652
0.406917
0.713483
0.019256
0.600762
0.434460
0.922687
0.867481
0.025564
0.194581
0.170918
0.190374
0.929866
0.042358
0.364691
0.017061
0.389227
0.745751
0.213710
0.562832
0.802287
0.426841
0.916535
0.317421
0.572687
0.806410
0.325202
0.520584
0.603094
0.149207
0.976395
0.368746
0.556124
0.689878
0.388001
0.156886
0.124338
0.310688
0.024367
0.149902
0.505269
0.195285
0.340276
0.435135
0.237643
0.704966
0.452196
0.626870
0.450717
0.665906
0.189702
0.253004
0.092747
0.106237
0.570425
0.665434
0.912647
0.895627
0.186018
0.515741
0.044834
0.162412
0.884487
0.600959
0.852290
0.272488
0.757845
0.976629
0.583176
0.782212
0.126530
0.088445
0.977497
0.466806
0.523580
0.215140
0.171772
0.975776
0.842010
0.622489
0.641682
0.031712
0.875494
0.734429
0.137949
0.445919
0.399863
0.050596
0.341546
0.585881
0.566337
0.386380
0.748293
0.450823
0.987339
0.600584
0.723311
0.745184
0.577212
0.306487
0.527396
0.703743
0.394932
0.504893
0.170548
0.918512
0.720033
0.342321
0.894288
0.562043
0.964810
0.535970
0.593755
0.840304
0.270399
0.731704
0.286222
0.670263
0.782300
0.627768
0.256143
0.348636
0.014148
0.004437
0.799459
0.001487
0.605020
0.522770
0.746671
0.182232
0.829258
0.274067
0.885975
0.224190
0.778960
0.056523
0.142702
0.498993
0.398844
0.036990
0.061036
0.363654
0.572961
0.654791
0.203958
0.843360
0.386495
0.490181
0.513622
0.168795
0.117949
0.769766
0.517431
0.132097
0.774203
0.316890
0.133584
0.379223
0.839661
0.880255
0.561455
0.668918
0.154322
0.447430
0.893108
0.933282
0.503954
0.035811
0.432275
0.902798
0.072801
0.493311
0.266452
0.645762
0.148102
0.470411
0.489121
0.534597
0.960591
0.002744
0.703392
0.078540
0.772510
0.220822
0.210637
0.546712
0.537712
0.344221
0.925935
0.377373
0.224476
0.487390
0.046291
0.378797
0.934820
0.939400
0.312079
0.438774
0.975210
0.744353
0.341572
0.048011
0.237664
0.608024
0.693773
0.385766
0.078434
0.182894
0.920362
0.039026
0.185638
0.623754
0.117565
0.958148
0.844576
0.328202
0.504860
0.382289
0.672423
0.430795
0.759662
0.896899
0.918185
0.805953
0.275696
0.853005
0.745352
0.587775
0.291779
0.720563
0.332128
0.633351
0.768574
0.569792
0.241374
0.462346
0.955558
0.319809
0.645241
0.875920
0.358834
0.830878
0.499674
0.476400
0.789026
0.344251
0.804602
0.293886
0.726539
0.477026
0.724680
0.486201
0.373925
0.642865
0.292154
0.649621
0.495871
0.037506
0.237396
0.787650
0.758069
0.569524
0.421000
0.526642
0.139316
0.662375
0.988989
0.094874
0.982184
0.634229
0.970795
0.341018
0.465108
0.470469
0.817418
0.254134
0.814720
0.622020
0.548019
0.541259
0.099045
0.272700
0.027460
0.472970
0.915565
0.319614
0.122591
0.411435
0.357120
0.359986
0.199085
0.115189
0.929511
0.620085
0.641832
0.068827
0.282460
0.630821
0.163701
0.264644
0.265050
0.134496
0.605662
0.730158
0.604965
0.423079
0.984291
0.419685
0.045099
0.532311
0.960944
0.144144
0.805010
0.988404
0.617114
0.720575
0.308019
0.739705
0.132011
0.665139
0.099692
0.331096
0.780328
0.029202
0.951181
0.422160
0.098029
0.233641
0.052980
0.261730
0.498285
0.318030
0.396226
0.103947
0.048188
0.001191
0.527026
0.032479
0.420876
0.572125
0.564790
0.381820
0.716269
0.369800
0.370224
0.333383
0.090375
0.678243
0.073089
0.222386
0.343382
0.172780
0.553482
0.123710
0.201982
0.504663
0.545870
0.300012
0.738305
0.598850
0.561742
0.236590
0.916880
0.957968
0.340536
0.965068
0.959159
0.867562
0.997547
0.380035
0.439687
0.562337
0.761855
0.155956
0.932138
0.132080
0.489339
0.022513
0.810322
0.562428
0.244899
0.153704
0.735208
0.798381
0.277415
0.937191
0.303044
0.823284
0.237202
0.041349
0.422135
0.798944
0.277939
0.339015
0.756913
0.618475
0.304083
0.716072
0.486037
0.301631
0.096107
0.925724
0.863968
0.857963
0.081680
0.796105
0.990042
0.571019
0.818619
0.800365
0.133447
0.063518
0.954069
0.868655
0.861899
0.231484
0.805845
0.164943
0.054768
0.043048
0.206293
0.476903
0.841992
0.484231
0.815917
0.598904
0.102706
0.120000
0.314976
0.588744
0.421631
0.411084
0.514467
0.285599
0.269046
0.596147
0.081704
0.259089
0.167166
0.900323
0.059453
0.300613
0.963841
0.013522
0.169267
0.825740
0.245006
0.975113
0.990683
0.299774
0.018160
0.196975
0.776676
0.860152
0.681207
0.592594
0.459057
0.783913
0.712594
0.774033
0.372657
0.134225
0.185117
0.887124
0.419824
0.454163
0.483271
0.501528
0.713252
0.650437
0.401851
0.772705
0.951050
0.365691
0.786227
0.120318
0.191431
0.031233
0.095430
0.182114
0.331006
0.113591
0.379089
0.107683
0.973743
0.060296
0.700276
0.432800
0.844209
0.412870
0.206833
0.216866
0.547095
0.391950
0.103991
0.966919
0.846114
0.587262
0.468447
0.559366
0.237700
0.870297
0.332071
0.188750
0.235989
0.118298
0.309067
0.427420
0.149531
0.404498
0.609534
0.480537
0.518089
0.988623
0.588220
0.491832
0.048919
0.288496
0.924632
0.893128
0.701366
0.131465
0.109995
0.248461
0.523416
0.213985
0.215380
0.369530
0.801247
0.683826
0.928896
0.038947
0.554124
0.260967
0.227696
0.790113
0.379265
0.536764
0.217532
0.528796
0.941262
0.827066
0.009333
0.459350
0.815689
0.597553
0.951182
0.864608
0.886050
0.875814
0.757737
0.587416
0.007280
0.867732
0.835877
0.530696
0.081717
0.051257
0.900225
0.882964
0.735083
0.829121
0.921911
0.289207
0.090088
0.149607
0.079319
0.469353
0.686371
0.296852
0.998148
0.627633
0.123918
0.007482
0.086983
0.939607
0.605035
0.038165
0.804216
0.491085
0.913979
0.561953
0.078500
0.921259
0.429684
0.914377
0.451955
0.511401
0.965634
0.352181
0.394365
0.700717
0.181302
0.316276
0.989924
0.271389
0.465883
0.069243
0.740742
0.152254
0.366095
0.738890
0.779887
0.490013
0.746372
0.866870
0.429620
0.351407
0.905035
0.233835
0.842491
0.819014
0.795788
0.920992
0.740274
0.225472
0.835369
0.192229
0.736873
0.801004
0.544409
0.131238
0.501721
0.725711
0.447514
0.491644
0.997100
0.913397
0.560887
0.737842
0.065652
0.926982
0.476732
0.845539
0.416995
0.223104
0.712408
0.846614
0.574511
0.617443
0.080450
0.417002
0.436458
0.876238
0.337994
0.176731
0.101710
0.173364
0.368960
0.838582
0.974367
0.913369
0.969821
0.476088
0.639080
0.417334
0.967732
0.636180
0.330732
0.528620
0.374022
0.396383
0.455602
0.850755
0.241922
0.872596
0.073859
0.954330
0.719211
0.648370
0.571774
0.799660
0.065372
0.008231
0.675898
0.403366
0.184963
0.777608
0.576730
0.553923
0.616190
0.551098
0.467292
0.586011
0.027186
0.106372
0.003345
0.994918
0.742552
0.334077
0.523537
0.116575
0.730460
0.979139
0.967329
0.972382
0.851736
0.041188
0.926713
0.570946
0.689558
0.498486
0.370607
0.754930
0.506718
0.046505
0.158296
0.691680
0.824112
0.735026
0.245603
0.440302
0.286124
0.712895
0.026313
0.313310
0.819267
0.029658
0.308227
0.561819
0.363735
0.831765
0.678394
0.094195
0.810904
0.645723
0.066577
0.662640
0.686911
0.993290
0.233586
0.376469
0.491777
0.604193
0.131399
0.998494
0.650697
0.289695
0.690175
0.474810
0.024721
0.935778
0.915112
0.310845
0.648673
0.941425
0.624155
0.467940
0.971083
0.932382
0.029759
0.334817
0.764147
0.708153
0.429012
0.575051
0.353876
0.495589
0.237691
0.040788
0.488879
0.471276
0.417257
0.980656
0.075469
0.548655
0.979150
0.726167
0.838350
0.669325
0.200976
0.863071
0.605103
0.116088
0.173916
0.253775
0.057513
0.798071
0.721715
0.028596
0.730453
0.751474
0.363413
0.494600
0.459627
0.792425
0.069651
0.813504
0.288014
0.307341
0.854291
0.776894
0.778618
0.271548
0.757549
0.854087
0.820203
0.736700
0.580253
0.658553
0.406025
0.781230
0.521624
0.011127
0.897318
0.695540
0.264902
0.954831
0.493611
0.986617
0.983427
0.224063
0.738092
0.346840
0.718663
0.197719
0.139265
0.788314
0.011222
0.427279
0.095655
0.865514
0.204172
0.874272
0.137061
0.961722
0.728359
0.957265
0.698422
0.308612
0.615817
0.104446
0.089842
0.137441
0.115573
0.987160
0.832981
0.380476
0.941991
0.326591
0.367093
0.925418
0.550655
0.105185
0.272258
0.269318
0.302903
0.411523
0.057631
0.314126
0.838801
0.153286
0.179639
0.042974
0.027558
0.316701
0.004696
0.755917
0.273965
0.703118
0.064530
0.889783
0.807564
0.154372
0.027224
0.923137
0.141532
0.860205
0.303613
0.083524
0.186796
0.670706
0.008942
0.737451
0.775891
0.281200
0.006768
0.078795
0.692722
0.064400
0.392920
0.531524
0.217686
0.572560
0.574498
0.245244
0.889261
0.579194
0.001161